79851.0
12296486.0
4125085.0
4240229.156862461
10719713.0
1543793.0140281592
61287386.951250836
11101.661843346965
59473816.43141949
42725527.814495996
9389.02743406362
40054266.122076415
174305.0
1043973.0
303187.0
1043973.0
3915791.921105747
168728.0
9137.053558361451
3915791.921105747
10616862.854625495
73397.03820316277
33345.26375583833
2401009.724637918
266326115.0
66867.44539487059
129786.1752238401
2385049.3768654293
13746590.999999998
80426.57777777777
29014.222222222223
2161996.466666667
13570780.397119911
41402.85170447587
22959.34319328772
826820.5899679097
12154007.4801889
130543.42776983215
78519.0
12154007.4801889
12296486.0
69898.44423048575
67981.27945916835
1536314.358089643
595.0
3769390.9999999995
1463103.829656111
11101.661843346965
298131.8643975371
90010.45959248576
90010.45959248576
11102.0
89238.24566979677
147295.99321474374
293986.4857260132
78947.06018874439
148074.90238202133
315237.8759969274
34490.3862603745
29273.093480963606
3777067.4140469274
34524.34196160962
88782.07218051661
3542140.9913269267
1611310.0
29108.0
70826.0
787194.0
47732.45901639345
691.2295081967213
70826.0
27280.327868852462
171399.0
147914.0
926025.9117590284
11102.0
261976.41818969726
77739.47722529834
147914.0
926025.9117590284
1342561.4721015703
77739.47722529834
1342561.4721015703
169285.62039767773
194560.24437296408
11102.0
87249.9301578236
194560.24437296408
146926.97743992717
140658.2837767508
194560.24437296408
42664950.33280257
10528172.363141669
66237.99344102533
3724973.809123392
54743.020312495115
28067.414134114144
8271659281.812134
2186315.978815426
1951464.2045026354
966903.9341584904
203118778.96659377
290025.0
4881242.298185521
89651.57992184669
79851.0
5134072.0
286436.47866056126
4881242.298185521
5134072.0
70899.38817987974
438068.45813584287
8916.045329456421
70900.08320850041
3460909.737924329
58868.39144495863
244360.2298741807
1257828.7022633222
2519548.8380532367
1611310.0
34773.0
2187471.5131073412
36743.05919295512
79851.0
336677094.0600906
2519548.8380532367
1611310.0
2187471.5131073412
336677094.0600906
3762516.750078574
1549026.8636053938
33649.729575607606
4614194.381546674
85450.83501055872
73695.51974419644
616862357.4770701
2918176.935191272
1327512.5833973833
3684903.233800982
378514893.3883853
240681692.09114105
13659457.566990625
78980.45455792011
13042153.144061325
141801.26726739676
28212.70742154234
53709371849.8527
4056338.61174105
1974779.6868441915
1349552.6774949622
297503054.5925564
266326115.0
615724.5145133646
39463.44548808106
531577.5264681511
71789.10960672579
649.3833493307984
2769575151.890723
598207.9573212859
39771.80494292984
29440.572107929576
4066189.4175849673
3619342.620622563
3747565.1056638793
23244.602674488233
1611310.0
34524.34196160962
79570.09131407103
717323478.2273929
3352767.895988149
3381111.943853082
1542635.3756940213
630890738.1646899
484552.9949147227
12392805.0
108183.46167216316
64606.66659034464
1019.6416246813852
77164.95624407205
106875179.80728827
220660.95462881125
4924179.016536624
46245.670576420016
19196314.782982003
481364.62471228006
12392805.0
72413.01642187772
64181.553191402476
919.0908772424389
69824.3077337522
106171938.58856829
134957.18836449532
1645989.8268221007
35216.641024305005
9074331.386021638
147999.0
1039132.192221027
963474.0
90004.03189051614
78582.0
1296219.7296531596
1335598.3507956774
1355009.0
7267859.851711423
815906.6628263893
14362712.291090284
4059400.018306007
12069932.469347533
129777.80836347319
1018567.5379930629
41393.214933369774
78348.05250682085
395153942.5822272
4059400.018306007
12069932.469347533
1018567.5379930629
395153942.5822272
85716142.89269288
12248265.950246701
60138.70842319119
7371139.240180644
23499.199518564033
66895.99760078265
21919289345.326756
1312356.2338207245
1060348.4085410447
589248.8031596097
57657234.13267144
10178.335795373852
49251.37682925202
4777494.546966313
66134.79503490505
10109.968711832895
4877146.89985041
705638.544139005
731903.3033696263
4492.911010900283
1249.8792034607227
72694.47338071541
63386.18447951559
4122.973407259235
466187.1603874519
24945.791032030073
145170.34103624662
239867.2852846688
1432995.0
161821.96134817775
41441.04197967898
1152591.5334080937
238515.77682127972
159175.29392281693
1144396.601888623
1707781.1084886785
41611.642592592594
1037933.0
70727.01209931796
4921357.685633577
74565.01614396067
1428915.9189321448
137279064.4095355
952675.5814814814
1825658.742005889
90579253.86588816
11499564.294114891
131200.48210901656
16414303.459823668
32188.71447716461
1402562.8369701996
67105.00484645317
949342.9655933895
2644182269.66861
1109421.451494852
551438.6355704514
37100294.716218606
4602569.0
5518.292447577545
5121577.655042752
11692.596911998235
1603497.019840732
10099.359326712898
117607.93623596121
695541558.7891189
79665.96140863979
158771.42927960795
2211835.4801838608
78160.56769499826
132645.06674536818
1026597.4148845677
930037.2303523035
9106.021147379233
81237.41140061384
56909.3961389489
79906.89459272996
72475.85490049912
1392300.6613634753
122748.08256157754
599272.7065181662
432614.44661266514
1199450.273181315
1249342.490793041
6997324.432128478
71902.69269391237
44212.96020822092
455163.3681011443
755430.7561978585
1079662.0242974018
798498.0616151163
3615073.5085120928
13275480.332247514
409049.4531956177
7668053.314620007
14225178.171292145
4374265.0
13712269.62295082
171470.0
1456149.5733270457
1838524.471290074
39242.02112741863
1466240.901639344
42167.0
34489.19672131148
822833167.0458025
3648393655.909819
14225178.171292145
561515792.6229508
4374265.0
13712269.62295082
167781576.4923606
1456149.5733270457
1838524.471290074
1466240.901639344
120804669400.61359
822833167.0458025
3648393655.909819
561515792.6229508
167781576.4923606
120804669400.61359
438395.0
17932241.0
13746590.999999998
41992.99411030874
33894.0
63285.0
249.91891610691047
1611310.0
57921.79113476076
23164.965136600662
125019191.00000001
85850837.99999999
22069.597098449154
3126349189.9999995
600708.8298622135
863533.338359141
6790375.0
7739.980385184447
23498.62010753587
456143.3535936122
23595321832.999996
1146355.9867024077
3767318.359157859
40183751.661348365
1059403.3395697812
219725666.57969946
13407767.987544633
3645839.344262294
3737889.4549438404
13880.962511355849
3710082.7701390646
4779862.015458353
71983.0667292519
1582999.920480933
31847.209456120017
73784.58234670633
2663637006.1627526
3548313573.946282
2232028.8639879236
697874776.3334984
1577457.086934577
851810.747767648
619038218.5190842
1835517.0899483685
2013967.966923555
1048544.2678496989
750206080500.6525
292505867.60851973
217794787.88906342
121821700.34941383
137885356.08773375
29338480500.006996
700811.3210599729
3668968.0
3795341.0000000005
4341.061598028906
323125.84650402004
183772.8110071351
2562.399680836624
1611310.0
20451.263348327753
58582.98017580629
151188153.9129276
134631672.08688968
41950.886858004604
726290796.0
233062.48937432206
89046.63732250014
33920215.8246126
99864.7225639403
46308.072462560434
324339.48412486224
35119452407.73997
5215994.465145594
1388367.2969260989
7351435.9604560165
2658938.7119794916
224906246.8418408
14829993.684292447
62272042.0
17374568.5969342
75818.32142857142
5166442.953046384
1454365.920360476
33836.79008349842
5054534.8120320095
59527.78571428572
66979.48362720589
15619861791.087616
3424462259.4321012
1266008.0352505036
15523856085.059616
2517820.714285714
1393558.594804436
784640213.1706631
968970.4579913192
589484.8419509401
1149804.3721405007
4352901907067.357
135173039.81213614
56356853.95630471
106328472.40510312
38514109.120950274
7364491693.163481
1884787.9217394756
266326115.0
17957153.28427574
82227.22360993446
1532457.5611287437
185489.73955967516
3636.4286607305057
16391607.060716672
148912.361636509
69487.4100224525
8263764081.076369
457690539.7542209
222237.3006844533
80445410833.10698
4103673.746318942
1708033.961683887
361731964.30735874
159379.5395627297
89399.91052216009
1491705.297153621
2692100784452.1313
35523318.664878204
12132665.28780943
173986287.30420566
8103286.816066616
2530658820.7886715
194534.0
128174.0
10389.0
40542.111328780025
1472990.3958586324
79851.0
182289.0
127903.82260873815
5129036.492722456
10376.525621118013
4511375.594632878
1472990.3958586322
182094.04736024846
184539.0
5129036.492722456
4511375.594632878
5134032.9206464905
169686.94805870648
9253.38129211597
1966.981630465908
1033.960575265673
35773.94291014694
77803.55140681431
20156.703329220945
8975.038050737447
335174.39248479897
1935.4040431796589
97525.69735123293
31837.916110937167
19649.878692942995
75116.50966996152
291933.3902125598
87061.33037016034
747708.9294119057
595.0
60618.0
55030611.99999999
4835658.873044195
151003.0
69045.10426740476
16253909.556753704
19208.0
9181722.0
998392.3292363505
2839122.0
1181002.537765817
12664898564.732738
1776480.8659026213
1122326.0
488070.1207414779
1931905950.0491242
165489421.77602717
73833104.0823073
595.0
90373.0
3790421.0
4921776.0
34773.0
79851.0
1611310.0
22776.0
1471278.0
1007371.0
3790421.0
4921776.0
655288029.9999999
1611310.0
1471278.0
1007371.0
156276350.0
655288029.9999999
156276350.0
595.0
72632.6495671373
164045.47814207652
4868254.0
983.6615479322675
73671.22741023207
63718.55191256831
20529.904497354495
84772.29508196721
1002623.0
82376.10754401943
1872762.1275295075
29697241.51639345
42498.17250219254
69563.55428219658
594730.5957671958
8681995.095628416
6205143.666059502
4904626.934392498
11102.0
27452776.324818805
3779456.882995427
4852757.070120333
87374.53684035868
8281534.999225409
7534843.301950009
61855.95695469178
1603505.939483751
34217.984033200104
77983.85023370333
26409813.32297162
3802471.6259789793
4842603.874171745
11102.0
6155772621.019493
6042005901.529713
23142838.489232786
645059512.2976918
3322705.4995374004
4378193.344258515
1648208565.9114716
6880861.462291801
6296741.989088518
1472165.3808006565
6178224711.917289
5896847767.518206
22074670.846354723
648604298.0473775
3342969.5536968415
4357029.498294918
1685929087801.1985
4570302219.860359
4694739867.097862
506882129.8069082
1242138169.4939241
1694075018471.5786
4583282363.987828
4541707593.01631
509594669.7167168
1206582972849.4932
1211860427898.7974
10043.476924798966
1536336.8426310462
781059.6306450764
450895.7183079303
8794.502349317198
4597008.234010797
5156708.0
62204.9811054524
1609171.256094061
28451.643442081593
70111.31821496075
11345382.08541504
3299508.063983544
3463951.414341595
9942.64396335244
318376742.1022176
249845981.82040486
457889.44042388
82455955.55605169
499480.7503662981
224615.38804857506
702409135.8141203
1439193.2152381346
1401477.0960127204
740941.5082108807
2186774036.2842298
2086675951.435223
1945174.2021635026
548852242.1839404
1009274.5657347855
1046977.1338539706
70617078370.07088
61478453.655980416
27692896.875904556
24277320.476653524
78593078.06186146
565915560757.1619
143951870.79605186
102245321.22168384
52873405.39985704
4175758603.4881544
10094817972.714827
174305.0
195218.0
963474.0
11102.0
328064.0
4921776.0
65722.41570351679
371124.0
72859.30714113425
195218.0
963474.0
5134072.0
174201.26128052032
6042090.0
371124.0
4911531.0
11101.0
5134072.0
242171.18590792653
1357027.2359313585
6042090.0
195218.0
195213.0
5134072.0
962471.0640059253
1395514.9339675163
371124.0
371032.0
1392654.9339675163
1395514.9339675163
6042090.0
6041630.0
1395514.9339675163
962830.0
1395364.9339675163
6041630.0
80206.11874691208
170716.7835180004
925964.1268222672
7177.754679532103
68503.74573881328
556253.7293135471
11510.198391143234
294168.7217438414
77739.55435213953
127867.39144006935
461322.9110305787
4842482.734663283
78854.1141995198
5138191.033645463
66355.46238731827
3434036.816428286
7159.342597981765
3474656.24929645
65046.21490370337
452201.45674734126
1294971.0952059997
135090.54265011736
127593.27132673234
5133718.085164608
454704.3993307421
3495290.8054827345
77786.08069665157
65933.52141172005
2631017.981593178
2639279.740056164
1511080.0775175632
1287858.5906957572
3602173.2329604668
652580.7600234139
3600476.0316219097
1511080.0775175632
5835.7233200903975
30177.29886469203
46694.021626890026
7814.802173662926
46597.32316071978
357688.1068126147
8660.633923014952
371124.0
79851.0
26399.44661681333
28849.50677010586
4045092.0994009827
5832.270607377756
565730.6767770306
68797.44636289643
2245160.9064670014
7803.153978100996
2097035.40110861
45615.811381509935
357688.1068126147
222990.0778311999
27036.237926025155
26383.482867728704
5132791.168858319
28813.6777955017
4045092.0994009827
101994.0
68586.16821249563
2245160.9064670014
2097035.40110861
241043.35293305875
222556.1871424009
5132715.23103148
32583.371508372154
4918025.809906769
241043.35293305875
118839.63231305999
170091.46618835573
743890.120809437
9725.645657606281
155704.93555034936
1532668.8086654847
35931.48691965334
321573.72258561756
72128.90755995503
170090.22649296504
653853.9583785096
5133758.634422037
108834.42978353433
5121642.198653097
321550.91219042847
4638259.01472476
9723.517217029723
4735366.819255729
128199.80981489223
746230.1612938332
5121528.146677151
170091.46618835573
170056.25684149985
5134072.0
612072.0762048834
1282565.0199190457
321573.72258561756
321391.459198994
1275778.5210907364
1277630.727937348
5121642.198653097
5119072.72736479
1282846.9030113241
742776.8831219435
1281723.079304958
5121182.198653097
47353.077070541294
144252.84804043942
1025454.5223411432
13658528.786321186
168728.0
6402.81242483998
46616.42230366841
87904.49186973434
34537.03227413872
73699.93869474286
337826.7138080101
10125831.61567751
46003.181779492115
1305716.5243748322
14064998.012901675
141923.61962539994
4234110.71144541
892763.2752462194
13658528.786321184
48085.77384174314
626533.5421626305
73699.93869474286
73699.93869474286
439966.00601949776
323897.51914418576
10125831.615677508
1313720.1089370418
1272839.92513729
14064998.01290167
4234110.71144541
626533.5421626305
626533.5421626305
14064875.901543962
439966.00601949776
1313720.1089370418
626533.5421626305
54137.9272043461
146373.0290946465
613325.3425909746
10638876.599984877
71794.95174491737
10026.386431109398
41119.382027336615
87259.92880384222
28523.11404244352
132880.05971195377
406131.6361662717
8273413.2141193785
35820.665536802
1284063.9871075395
14158486.374597695
122737.74315670779
1088748.844467082
375487.35917844874
2181493.080664139
78091.20685091856
1156339.878773709
133256.28602057585
116896.72359035088
599868.068220103
268609.2334201686
2092478.7033604954
1298758.0452471904
1066216.4278931494
2217312.2969104196
1088734.3916864356
1159004.5984323318
1008698.5160370652
2217101.560948519
599868.068220103
1298743.5924665437
1159004.5984323318
169578.01675213675
147914.0
761709.5835396225
13556608.413950881
168725.7498917813
10857.992136752137
87236.77667682452
87312.27678086501
34349.624826526546
143888.25606837607
750905.3696530098
13444524.061970048
150900.09547702954
1292563.9196766478
13952862.350568365
145305.89471759254
1334732.5329949283
700201.6273806578
13556608.393388258
85372.51091822385
1257791.8374084502
144101.25606837607
142338.97431686005
1322193.3174042935
692036.7102024662
13444524.060174204
1297827.7155912833
1272715.2864828245
13952862.348521668
1334732.5329949283
1260231.4492940996
1243807.1534463153
13952851.349922294
1322193.3174042935
1297827.7155912833
1260231.4492940996
27055.08282636112
127493.7776062033
476625.4146455588
10638876.599984877
47620.65034123827
3273.651365697938
10857.363652953896
70721.37768412346
22350.301424059293
64597.66118639038
171108.00548714315
3747056.686734116
12569.844524991586
1011359.7186692192
14158486.368929908
97682.0854547453
570242.5588780124
252171.0999894201
496626.1985422357
28238.632857327193
584317.9245622515
64597.66118639038
54342.830682803644
200403.86886424723
102401.0562785851
462612.0318993754
1011450.5345610386
803626.6247916196
498975.42322744726
570161.7773887804
584317.9245622515
500072.35415897425
494008.8702072563
200403.86886424723
1011212.1822243594
584317.9245622515
174305.0
195218.0
1043973.0
963462.9415652674
18123151.0
11102.0
303187.0
327151.99999999994
108118.0
371086.64864188
1432319.639551204
195218.0
1043973.0
963462.9415652674
17969393.21901727
1927300.0
6042090.0
197581.0
7283410.766261069
4488242.0
19358490.957796067
108118.0
371086.64864188
1432319.639551204
4349032.18913504
1927300.0
6042090.0
197581.0
7283410.766261069
4488242.0
5881102.971481907
67874250.0
1955746.0
6360562.135060681
26546821.514909346
4349032.18913504
67874250.0
1955746.0
6360562.135060681
26546821.514909346
72383363.08048545
72383363.08048545
103318.7652352392
178043.14852030773
812032.3297576697
743890.120809437
12392805.0
9000.856469729755
234736.75822129947
133834.60056036315
99220.7253565939
341025.491048407
1432364.1900030111
157929.06603080907
729442.3978392107
519223.3025650453
10788682.512068996
1754934.2375071931
5383389.926143384
181618.68438576558
5636152.99382494
4488242.0
19354526.225903723
87199.14184494235
132302.78713866297
961225.4534546498
3992472.7028318117
1554525.5088632805
2395424.383983514
160704.40062059922
4393311.382807384
3011741.986200125
2314752.944504309
59963773.7883313
1796018.5617855529
5838054.276306389
26547328.750978623
1514056.080663905
26962168.50906445
1583771.707842878
2523361.7636711933
17285015.570350982
66298167.26218099
28361354.27422085
66408.13743037914
194534.0
1027816.0
925918.8403821662
17765991.50569447
9800.030856562707
74698.16189692095
55978.23718630227
108118.0
329825.25608180463
1309132.8665753477
172911.92868491224
577757.6589257485
457123.3291836167
12603485.884696936
1918416.0
5831078.785943431
197581.0
6978770.415820394
4488242.0
19116273.3793972
95851.87191103384
160192.80915919127
536608.0546661663
3733887.252986378
1716783.7264477964
2863384.044758622
174927.92868491224
4616267.290077908
1294681.4666716969
1111664.253460111
64945724.28754745
1955746.0
5942318.541358358
24560328.01588484
1830525.3812043592
32313492.913788717
1739137.7264477964
2971834.044758622
10635190.239101509
66186876.37418628
33510008.913788717
174305.0
195218.0
782751.1487619907
523253.0
18123151.0
11102.0
91976.0
33691.0
99695.67732818649
332007.0
243497.84090309037
195218.0
782751.1487619907
523253.0
17969393.21901727
1794206.5738674258
5844309.0
197581.0
4140569.846251188
1394077.7383510787
19355586.812217623
99695.67732818649
332007.0
243497.84090309037
3136409.7865665015
1794206.5738674258
5844309.0
197581.0
4140569.846251188
1394077.7383510787
644957.0
54831180.84104212
1807802.6098282
5942157.0
4693816.924123326
3136409.7865665015
54831180.84104212
1807802.6098282
5942157.0
4693816.924123326
55565366.78292392
55565366.78292392
134785.5753775151
191835.73928181038
16033.245350462475
743890.120809437
12146719.790823324
10777.833333333334
1042.6623211851402
319872.8333333333
5388.607039336603
371124.0
6068.336285390627
188260.69583850898
16029.802694757724
719051.753968279
11999056.66018093
89500.31087226898
5755166.374809366
197581.0
113555.53805291519
16033.245350462475
18850973.721210692
5371.4504266183285
259486.83333333334
5932.315008408508
81119.58203597146
89327.62499663161
4806402.912990516
192802.33333333334
112175.36741357938
16029.802694757724
5735133.666666666
1497939.7146948653
89500.31087226898
6360973.0
113555.53805291519
73932.55721364084
1425730.1826898104
89327.62499663161
4973421.333333333
112175.36741357938
1497939.7146948653
1425730.1826898104
127962.31345334725
194534.0
1025029.6535774714
36187.0
17932241.0
10360.61102484472
222442.59600813317
1922.7142857142858
108105.29719564065
13058.0
16287.0
181834.87189440994
910654.4039179797
34011.71428571429
15784105.27625336
1918416.0
241486.0
197581.0
297249.0
4204627.889029179
17719603.774929423
99931.38664596273
12708.428571428572
15908.571428571428
123368.0
1783631.1692546583
234292.42857142858
183850.87189440994
292818.5714285714
2852402.0909925867
34011.71428571429
2289411.0
1955606.269152047
241486.0
297249.0
119784.14285714286
2214694.1428571427
1805985.1692546583
234292.42857142858
292818.5714285714
2289411.0
2214694.1428571427
130880.78323072128
1043973.0
963474.0
232794.7184349016
129714.50679829976
1429898.7226780783
39679.19532914918
1432995.0
79851.0
928184.5970804911
669347.3841564755
5128563.57196656
130536.97114015446
7283455.0
941961.6956800872
4434053.527492249
231434.16221709797
4509368.135058995
127815.99193164834
1429898.7226780783
5720889.975039812
1036135.4604337646
926831.8396977896
5134072.0
666890.724831826
5128563.57196656
1307603.597246527
933112.8175950272
4434053.527492249
4509368.135058995
6587977.464414392
5706734.07377971
1036135.4604337646
894218.4685724758
1307603.597246527
6587977.464414392
101056.08241574689
798884.0793537169
717328.7701412166
226011.07977759084
126687.01553721545
1309927.8263129648
28724.240500460073
1432995.0
64304.86388696553
717919.2799375353
531708.4154526514
5104259.9823439
92825.17410710876
5411110.432966884
944174.2070069392
4237567.242115899
187456.3647801836
4399528.430477115
95719.27419020579
410305.66599409305
4525466.630407808
776952.7292848765
687678.0764974876
5134072.0
483241.6208017061
643419.491877414
1290075.0
755217.3660257766
640053.0604906784
640004.0404993643
4791125.938006495
4314684.798998759
776952.7292848765
587975.2457034886
1254543.6957832263
4791125.938006495
129805.90089013611
782751.1487619907
953876.0
74433.46490008551
119690.97464119349
1445253.3357113795
29972.887488006498
441321.52727516205
63207.48924232842
676997.0671268066
691502.1210989001
5121263.334763106
118001.5083893872
5303741.448246169
353983.7358223984
4468950.605101264
70566.99044559237
4606383.938515891
91565.34238458908
412519.44151962607
4502800.939941152
755801.9922647071
635429.5782916916
5134072.0
605335.5535693273
590716.7963677072
393145.5581575831
326351.55253601767
587633.5901604727
587607.4900254897
4762220.67815516
4192266.6962952656
755801.9922647071
780880.0
393145.5581575831
4762220.67815516
68652.25533768066
1043973.0
523253.0
80725.6284140862
25982.816038106917
410411.3914143529
9404.61283075558
329535.0
77406.24221276185
598646.5215895806
400966.270042656
4447708.569628121
67775.93560841688
5244894.0
250908.40219871985
2946473.792757536
78335.86370103518
3018838.083691923
25688.699588790587
361545.7191956529
4001845.0515187783
904868.464663109
593382.2578522656
5047108.054297906
395412.84631633747
3687169.4776416533
282375.0
249309.96244071366
2560269.603375691
2553209.527365196
4424158.0
3969108.6884190165
904269.8209734189
459376.0
282375.0
4424158.0
70198.72170513318
1043973.0
963474.0
83191.29201661816
80451.55344376652
442691.8016189512
9990.985464014268
1432747.5793855092
79851.0
609662.4781981697
582100.441692872
4640957.4342902405
69773.05942626632
7283455.0
742120.366834098
3188979.6738427603
81828.71627018918
3743287.5943838865
78642.46549177985
442691.8016189512
5951066.261125182
915388.5647130897
606666.620309371
5132917.648643391
579280.9643909531
4640957.4342902405
1303472.421936738
732517.181408065
3188979.6738427603
3743287.5943838865
6925073.191613887
5935167.032610118
915388.5647130897
793160.7172076369
1303472.421936738
6925073.191613887
70226.83506951219
812032.3297576697
743890.120809437
91979.28279242928
77950.14059174355
575302.6435728918
9199.453674374054
1432950.4495481928
63748.6
537538.0325074615
427427.1535924138
4793259.38732711
62797.12271581689
5636152.99382494
646913.1025618566
3437942.9005590556
73772.12374881614
3851629.3272517463
54134.93129705425
191725.04189972585
3754865.3749293117
783862.4608686718
501420.2474219092
5058377.649037086
385964.5030540183
672433.7098499966
1172224.6376419328
497916.73502016556
661290.2051017596
642718.3636585926
4501102.2100097425
3555779.8391351025
756623.6664619205
543437.3320650107
1134254.3876249047
4446852.12821651
15506206.375491297
159258.8333871384
39937.50926690577
13079174.862446424
43049375.773606464
132712.0
89010.02630284111
43049375.77360646
262547981.0
76168.64008486748
148833.0184074882
3274788.2527245367
266326115.0
82320.73294274096
156300.6590050273
4006017.4266516846
13711397.708651904
163992.12196675804
34425.60981686227
12466375.955636865
13843965.280461466
171138.36910423037
34603.19300815555
13757318.390682124
743890.120809437
68815.0
134887.0
328064.0
287430.0456671204
743890.120809437
62682.14906671372
287430.0456671204
17929168.63839302
96550.99808253997
73544.0
3028701.786988414
12154007.4801889
130543.42776983215
78519.0
12154007.4801889
54788120.12056639
146429.12446485425
58104.33232280673
2179889.4853525315
50958434.092532866
212430.3707064728
84228.33744491743
32302579.967413858
54029647.8597285
187542.708080234
73476.79371933601
11427425.979252055
302871.8703365178
52903.5100498092
85699.40978861056
3179599.199579643
34773.0
46106.23870617084
3179599.199579643
3790421.0
33759.71829990186
84835.28685385542
2855558.4712342317
1043973.0
963471.6681722372
174305.0
1432861.2378801564
303187.0
327887.99999999994
7283445.672688949
1043973.0
963471.6681722372
1432861.2378801564
7283445.672688949
796567.4554517716
711384.7209992375
132120.84108664322
1299515.4292240618
297712.08842080657
262116.0
5369717.97339545
796567.4554517716
711384.7209992375
1299515.4292240618
5369717.97339545
3934129.2110618646
13746590.999999998
163964.69760411765
683549.6143260038
9019.819382715108
34523.060844517306
1081005589.0385776
3585187.2125319033
12491296.925788537
665628.3533478717
947261330.1924591
16382796.345330667
13844692.109984841
151025.10680919408
2013673.803423414
41423.89602497844
33832.6017728043
4200973131.494035
11444713.013390219
9342712.911207007
1771020.1563528525
2373494392.2620883
11912711.62784454
10719713.0
58319.0
1917326.3245245533
32620.96785323405
25624.0
2880717918.8151965
965911.1047985475
1243993.0
639572.9515742974
96500785.47841944
126725.06929448643
963474.0
123079.7417434839
38974.91689193411
578054.5394640616
126458.42193296588
121381.04549915565
577004.4014369384
131230.93975376053
717328.7701412166
273454.5684104115
85638.2061689673
606409.7994026509
131227.6956696092
269853.57032572886
606284.1571243231
161589.13449478603
1550982.4707559473
41315.51241226819
78519.0
4692943.709656187
159005.51804945816
1550982.4707559473
4692943.709656187
2012489.9259478287
1611310.0
29994.0
1580228.037094082
37706.71391856419
72314.0
250013636.1143315
1214850.0900612369
881139.9999999998
872022.4641225671
81151921.48131901
264198615.02323696
13862968.0
71686.16934106177
14136269.941843186
138025.4490502518
27416.876014376503
58905977842.08668
3173419.0340709426
1652692.7541004494
1183046.881457579
228659863.96923664
167111591.83450064
10638876.599984877
89883.85051632616
14227143.0
185362.81999990088
31891.5855750949
39250154400.53085
9696018.43615152
3910074.589191451
2569669.3500286187
1083821175.0847468
61877156.075104974
13650234.988996675
71939.33866712343
4602569.0
59609.729821156565
28393.53002735006
12045791458.492924
3189638.4718852392
2029301.6353810001
1414778.564990576
316725312.22932893
3518154.8127597226
3653475.078496064
24157.315360696666
1534274.9448027972
33680.13894115925
77583.78186778734
660353405.3605117
3518154.8127597217
3653475.0784960627
1534274.9448027967
660353405.3605114
3619342.620622563
3747565.1056638793
23244.602674488233
1611310.0
34524.34196160962
79570.09131407103
717323478.2273929
3352767.895988149
3381111.943853082
1542635.3756940213
630890738.1646899
125894.28721636426
812032.3297576697
743890.120809437
134887.0
78056.98696677237
60934.653323639126
9792.783905404502
1432421.6283885543
303187.0
326887.0
1127968.2819037766
1055678.0555712744
125894.28721636426
5636152.99382494
812032.3297576697
743890.120809437
629347.556071048
78056.98696677237
60934.653323639126
1432421.6283885543
11178272.620099075
1127968.2819037766
1055678.0555712744
5636152.99382494
629347.556071048
11178272.620099075
136610.3944631216
812032.3297576697
743890.120809437
134887.0
84527.45419937816
68568.10740857282
10420.03652251071
1432995.0
303187.0
328064.0
1236758.2684406717
1181381.169808437
136610.3944631216
5636152.99382494
812032.3297576697
743890.120809437
719469.8023020707
84527.45419937816
68568.10740857282
1432995.0
12568303.156066585
1236758.2684406717
1181381.169808437
5636152.99382494
719469.8023020707
12568303.156066585
133160.08235105555
1038994.0262536621
963473.688253012
174305.0
80419.62114653148
69873.30682772861
9932.951440263583
1321691.2391034877
272924.58235216496
327650.0
1200468.855523948
1222144.6236286862
133160.08235105555
7270210.570200089
1038994.0262536621
963473.688253012
724611.1795012204
80419.62114653148
69873.30682772861
1321691.2391034877
12945668.174360326
1200468.855523948
1222144.6236286862
7270210.570200089
724611.1795012204
12945668.174360326
124700.79178461793
1043973.0
963462.9415652674
174305.0
76023.45998061352
62011.48548290919
9461.077513769527
1432319.639551204
303187.0
327151.99999999994
1120836.4587383117
1094656.656103907
124700.79178461793
7283410.766261069
1043973.0
963462.9415652674
646342.574057472
76023.45998061352
62011.48548290919
1432319.639551204
11677413.858504318
1120836.4587383117
1094656.656103907
7283410.766261069
646342.574057472
11677413.858504318
262547981.0
17932241.0
66987.34659311708
16636354.0
135021.59841173256
67521.2769716066
80323291968.0
2546403.6463754307
1204975.522789794
1155310.547887146
103441940.67700355
59951332.04141581
17906185.70337989
92072.53639667277
4921469.963652693
65152.902985892564
71246.83995985582
15153320510.110462
6659726.262352918
2479749.9199203863
1790807.8241192163
483896208.3527001
261070704.97334787
17445261.533866886
84559.62979446346
16090037.01778894
161500.42817289673
69396.78136374927
77636733116.58733
4764509.7175388085
1879041.479887152
1643153.306232695
220257713.18361804
22566454.750735477
1477393.0
2685.8888888888887
16470990.627398985
166123.78662640142
72733.33333333333
7412170152.043728
383890.9555555555
124643.82222222222
1960855.3409943806
27937454.088888887
233150.42244248584
1300364.658063249
123085.0
31531.130328784762
931295.9636883556
201315.19334068638
95704.18826774557
774214.9732987897
229845.42494957842
1370512.7073931056
157324.4749336654
36804.091134950824
1104756.8999614108
215688.14649940794
131143.62131930282
1002471.1239838799
10950855.66648288
29711.144444444442
7768263.0
37926.21061580921
1823073.3123318946
69920.58888888889
1392973.335611547
2148036859.6362443
928164.0888888888
781698.9304159512
75432746.7135585
54148305.99566282
258980.21370845675
16539567.0
88463.12402994529
4889469.942588219
79570.09131407103
48981218.400385015
12827748467.905256
14895847.252796452
4642938.197432469
11216769308.412863
2085635.3145528557
58888.03159207249
4790032.815925133
10153.263167317129
598804.2892315456
69372.6418725577
508083.4925918717
344888600.0460385
1293870.9234800432
256302.54052841646
27945308.092507355
40268421.65133593
272833.0
16539567.0
46914.62551568672
3598750.5965525485
79851.0
40268421.65133593
9671775888.76323
16539567.0
3598750.5965525485
9671775888.76323
3764669.237681579
260937.01199808804
16636354.0
9890.442407933326
443222.9296218684
79570.09131407103
3390774.4045967334
907830413.8256565
14977386.34168534
425118.4670809137
788494608.7362014
14192767.011036647
155272.22857077734
16394713.0
28973.29079052334
1600220.9615867357
70013.01826571606
1509783.0575013855
3223891749.580574
1622974.8732165615
759438.6382670699
82072185.52609156
1474239.1772947977
28353.613038365336
1035952.3571803549
17995.152518025723
1601095.1146763295
52575.27530464364
199096.2533685348
94347665.410345
315643.73989677563
238773.99405791773
4157402.800837257
14227143.0
277348.0
16636354.0
34773.0
1611310.0
79851.0
14227142.999999998
3269439549.0
16636354.0
1611310.0
3269439548.9999995
71793.63072500404
118325.18391783786
812032.3297576697
742604.276801532
8854.367006024273
96661.69816734603
99414.38043762646
72488.26759526381
58077.429216796954
1311647.0
116277.30358343851
551845.5307552097
548923.3289815297
1055763.180161025
1010007.845605484
5625985.11630863
70414.20787647791
57829.01962487691
835637.6821136519
602163.0221410666
1037697.2413482756
1007952.1521952618
5007829.208354488
10678885.117507566
600038.9587370143
10660569.160268486
78160.56769499826
132645.06674536818
1026597.4148845677
930037.2303523035
9106.021147379233
81237.41140061384
56909.3961389489
79906.89459272996
72475.85490049912
1392300.6613634753
122748.08256157754
599272.7065181662
432614.44661266514
1199450.273181315
1249342.490793041
6997324.432128478
71902.69269391237
44212.96020822092
455163.3681011443
755430.7561978585
1079662.0242974018
798498.0616151163
3615073.5085120928
13275480.332247514
409049.4531956177
7668053.314620007
127853.26919668919
147914.0
1027816.0
926060.0
11048.68420911689
234376.54610262788
121807.52611607632
90012.0
77741.0
1311647.0
147098.05041787174
913070.056172272
678299.0646014947
1334621.0
1342566.0
6979752.0
89415.3672417347
67800.41779767412
929240.9223038105
809019.0
1325066.2270594756
1198237.9972061794
5813120.011922149
14224781.0
683899.1603535113
12372245.239558674
171399.0
179227.42393120445
1027140.0289337412
60641.10008497499
10186.0
298004.24401064165
99220.7253565939
179227.42393120445
1027140.0289337412
61405.34501986449
1766850.3122139534
113247.96440752262
350912.25716336747
99220.7253565939
1766850.3122139534
113247.96440752262
350912.25716336747
1030004.6426902775
1030004.6426902775
1631365.0793822396
22589868.60423422
82461.08943730772
4666.970762788493
12949993.295084344
105569.40021504364
38875.95978690413
529216.4621813071
179916.4308598641
1017.2289282281241
5741301185.539334
20087041.452415437
735140.0588518623
225225716.06988165
3365895.386573047
51084.30604988672
164783956.315237
4258308.143830163
84062.01252486967
166308.3049560389
84050080646.99065
782041443.1411994
8318790.836577005
27369129.033400167
34625360.03407909
7931296325.307142
14839482.419093715
60785650.64503764
584283.3275992551
44718.0
5084516.279065033
97057.16930284176
27516.731812619088
199374.473295041
42225.64761118076
492.79733900303734
15387554655.921625
192430614.2003385
304200.2595889206
582652434.5339034
488948.8702114993
17591.828526169615
51565252.636885874
364757.6069205456
11843.15440521831
15188.145903231281
252275888065.32578
14078935.8075772
1152718.9335069386
1538830.830997012
655629.6406240562
133840560.21515375
266326115.0
17669857.254731476
618795.2356783842
64768.42030285558
16000669.479177618
534228.5925259393
127237.85587400441
63911.852435748784
64651.647470739175
829.9924846853621
78930381459.7409
2783387486.52506
2183331.57580967
150017332.2320465
1069017.1788773234
90556.73626702062
128995163.20541517
1056292.7355322735
61206.68697089948
27679.06335011862
905789860919.7234
80195452.8835523
15353060.402812446
5017681.202091288
3293714.156342327
1047681737.6558467
4904854.1511127185
165407329.0999086
12392805.0
16005.0
5045632.578602091
566370.0139659345
5019.149819682824
16374213.557943577
22296.75089070893
35383.0
18618780738.029453
1122659791.8227496
32644.28325320839
49159298952.00319
87674.87544535447
143466.0
1233753378.7117088
38596.490125621145
55647.27464435523
140909.0
6045036247757.225
386314.66311903525
461645.6112425481
1040239.0
552778.3228255571
6402104.611349958
164468.9477912101
169562385.0
12392805.0
132712.0
159058.13641842062
24416.37237451817
717.9560925826399
16636354.0
277348.0
79851.0
541020878.1830965
31668706.97503861
164468.9477912101
50642762335.0
169562385.0
12392805.0
33982973.38834553
159058.13641842062
24416.37237451817
16636354.0
162683990717.06674
541020878.1830965
31668706.97503861
50642762335.0
33982973.38834553
162683990717.06674
4117739.190132878
259387556.88298517
17758106.272411067
73140.23206693487
3413870.5285137757
408423.6419719334
8129.420918233691
16636354.0
142949.21652683755
68936.76701583955
17902734472.050735
1007725800.1093546
543230.9277488083
79386636600.03319
3816964.4103236324
1527600.827106707
817265660.7522838
381502.0622503982
198454.46760365146
1347671.506231632
5917599648639.705
125125922.90535463
33547382.64516434
213102256.64812222
21401962.804911695
11513393246.22238
154129.8726089858
141116.97191959718
7216.844363916429
39221.15833573381
1454614.6595215849
79851.0
126583.4407988189
140560.02759307344
5133716.422259229
7213.91337432657
4343616.916516075
1454614.6595215849
126505.70585036936
134120.59984744707
5133716.422259229
4343616.916516075
5134010.950100567
595.0
89895.05142040123
3780456.9957663417
4852757.070120333
34773.0
78519.0
1603928.0
22725.59774711084
1468783.155783225
1000425.4697935509
3780456.9957663408
4852757.070120331
645227962.4238642
1603928.0
1468783.155783225
1000425.4697935509
154753624.87934354
645227962.4238641
154753624.8793435
170538.0
176470.08070500224
963474.0
7617.107007690754
265542.0
4726189.733109581
88252.99151889705
342904.95631139126
77832.24632086558
135112.5828220701
751752.0
5019104.26206313
170515.74634376698
5632532.986630944
77031.79661276446
4701974.865258642
7610.769134154304
5019104.26206313
262176.2412561174
4726189.733109581
1473143.133931611
140352.67348136293
135001.35900843647
5019104.26206313
751216.8490350368
5019104.26206313
86329.98239000484
76832.85701333436
4701974.865258642
5019104.26206313
1648751.9592318623
1469625.9867180649
5019104.26206313
5019104.26206313
5018970.569376684
1648751.9592318623
58565.96155891917
170135.23353311187
812032.3297576697
743890.120809437
12279603.497659435
132712.0
8928.5389277088
79486.75319759939
62901.802206040564
95034.29996326801
321436.06854716345
1429982.958557202
78118.7065608858
157355.097791719
498858.0639139889
407435.71222964494
8718088.194646502
54098.40564960957
1683646.7332619424
5126420.002184479
172958.98324546948
159394.66245738257
5636152.99382494
4488242.0
708061.8412951275
19073700.410551317
601570.7692152356
12279603.497659435
87070.79098703939
165777.90670814874
598492.508775279
3764760.7139743734
1558110.5824991707
2982417.972687528
159545.27522565363
150380.60511580034
4015347.9885404874
1398721.7690507981
447441.0308677213
19066511.425081186
347143.3368678262
8718088.194646502
57184711.140896074
1716978.7817697108
1533759.259134485
5499591.546288869
4010046.474203468
172958.98324546948
26522651.26505685
4218705.581144885
4488242.0
19073700.410551317
1832880.9088461723
32582545.42695665
1581879.9724690008
1462170.0045363912
3093958.871616166
2721354.169963356
159545.27522565363
11843348.07193151
3253276.617898847
1398721.7690507981
19066511.425081186
62420860.035595894
41293677.23397504
1716978.7817697108
5499591.546288869
26522651.26505685
33806676.86764339
29275163.558686268
1581879.9724690008
3093958.871616166
11843348.07193151
62420860.035595894
33806676.86764339
173640.28949349048
179909.42393120445
1043973.0
963474.0
18123151.0
171470.0
9309.174664971313
302111.7706642635
305259.82849163876
99220.7253565939
341025.491048407
1432995.0
79851.0
164405.9111231916
1037403.8948296801
871602.6415117154
17937027.931182344
153837.35236173985
1775714.3122139534
5620201.60966487
181618.68438576558
174251.99660870704
7283455.0
4488242.0
905996.4064996142
19358490.957796067
771911.0887003047
18123151.0
89741.41773404702
156196.58901075195
1305191.7290035873
3992472.7028318117
1608566.8142226117
2853715.375965734
165768.8301522431
161447.321963737
6243155.109599506
4469863.621661497
903424.8997991323
19356633.67030832
735688.7788337439
17937027.931182344
63251228.46826517
1796018.5617855529
1691265.4114569668
5838054.276306389
4740270.732312224
181618.68438576558
26553972.0
5465234.455695824
4488242.0
19358490.957796067
1715502.113500244
30801349.85582465
1623563.4235421782
1570131.746673789
2927304.5035345154
2738802.016756264
165768.8301522431
24254337.928286392
5065706.445553458
4469863.621661497
19356633.67030832
66298167.26218099
49387362.92576003
1796018.5617855529
5838054.276306389
26553972.0
31610920.259081244
29355625.10652779
1623563.4235421782
2927304.5035345154
24254337.928286392
66298167.26218099
31610920.259081244
117180.27045646455
186006.06897782173
798884.0793537169
717328.7701412166
12248265.950246701
130543.42776983215
10806.073667625797
237992.50963404894
164188.77089519784
105548.49244950639
358752.98173100787
1411916.479426274
79851.0
186006.06897782173
777623.548404525
632326.8607918844
11983164.569297705
106055.23959687524
1836701.5684576032
5426966.117022358
192032.6061260907
168803.89447468377
5411110.432966884
4413300.942613357
697762.1110596601
19353387.433487214
585230.4843128199
12248265.950246701
105548.49244950639
358752.98173100787
1146840.2662864488
4203464.422275454
1836701.5684576032
5426966.117022358
192032.6061260907
168803.89447468377
5286173.849584637
3115052.7407257245
679065.1693783447
19353381.388500556
514336.30118979886
11983164.569297705
59678726.19403154
1906561.225511182
1617392.3751925877
6137280.574439312
3965085.548845843
192032.6061260907
26142868.411946937
4092183.2465827586
4413300.942613357
19353387.433487214
4203464.422275454
59678726.19403154
1906561.225511182
1617392.3751925877
6137280.574439312
3965085.548845843
192032.6061260907
20828665.86347639
3992682.9120547045
3115052.7407257245
19353381.388500556
69748829.51691447
40755692.37646522
1906561.225511182
6137280.574439312
26142868.411946937
69748829.51691447
40755692.37646522
1906561.225511182
6137280.574439312
20828665.86347639
69748829.51691447
69748829.51691447
84315.96075975017
179227.42393120445
1027816.0
925899.2429545089
17145489.190373674
168728.0
10124.840795272765
96403.06513448572
98361.93328389835
99220.7253565939
308078.2098306361
1310000.2009011437
75934.11761651182
178894.02452073555
658084.2664161964
663240.4219863582
13518732.480911843
76903.04483299243
1766850.3122139534
5410605.10782725
181618.68438576558
172875.2409401709
6978914.579888469
4488242.0
893542.7542194453
18388505.52262721
749783.1822279689
17145489.190373674
98634.68896508182
308001.1897437906
829646.7838742161
3506717.3169116178
1763439.1820570836
5410070.166043899
181267.16145825878
172542.3788592293
6096931.067815706
1739516.3465980135
585064.7433411747
18386006.73852252
526667.1341422868
13518732.480911843
60334088.45356419
1796018.5617855529
1674406.073783512
5503406.324933163
4585301.251221501
181618.68438576558
24581787.18100801
5297789.782953338
4488242.0
18388505.52262721
3505770.1900733295
60328691.96747512
1792462.4434923802
1671012.1381715173
5502871.383149813
4584815.743754665
181267.16145825878
16706668.51315696
4561709.477055791
1739516.3465980135
18386006.73852252
61399212.28941492
47489077.41488948
1796018.5617855529
5503406.324933163
24581787.18100801
61393815.80332584
47485262.82692886
1792462.4434923802
5502871.383149813
16706668.51315696
61399212.28941492
61393815.80332584
146214.64342186908
1043973.0
963474.0
241270.9775024519
166268.9170152719
1581581.00167647
36139.354442716925
1432995.0
69183.66666666666
988315.2307199617
826269.9881507577
5058458.890684915
134230.56880757844
7283455.0
1162278.3093613018
4584600.942975472
220306.80320109302
4704967.707566558
133107.54979713116
688923.4983740028
7037939.527611537
1043973.0
945916.7201863438
5058717.0
770969.4588636095
1068126.4906849149
1432995.0
1032517.4740622146
1065356.5421013935
1065567.5503374815
7283455.0
6828477.901607369
1041645.167074318
1068384.5999999999
1385302.3976181422
7254739.241860651
145721.51342199347
141178.35262075625
728773.7460626423
963473.688253012
10614.10984394357
59996.756244480086
164172.50659728248
41282.8881425999
84241.58885417848
72711.20698092367
369581.1223157314
141178.35262075625
683293.6764662398
824778.7069802461
144841.98684130074
1248494.0339815528
1266764.6149843372
5068103.441462686
84241.58885417848
72711.20698092367
135320.8902442524
333621.5268339435
59810.38808427034
160236.70878126792
660369.1780989185
1248494.0339815528
1266764.6149843372
141177.9699782027
4875629.231220464
680376.2688808099
821007.0645334765
11992885.918728033
660369.1780989185
84240.51997399185
72704.16635793797
332702.0233404625
11992885.918728033
1248488.6895806198
1266729.4118694088
4866276.065738047
660270.8411217486
11992394.233842183
171399.0
141916.40624830843
1025832.5148408397
930042.0
10592.035806868604
289217.26993796485
323483.6740616447
88631.64010750374
86539.50470296337
76472.55277355619
1367001.316046677
141916.40624830843
1025832.5148408397
930042.0
171399.0
1289724.2825922575
1308300.8254838819
6994911.533024858
86539.50470296337
76472.55277355619
154248.7129696604
1367001.316046677
289217.26993796485
319493.3129100008
798331.2646249132
1289724.2825922575
1308300.8254838819
141916.40624830843
6994911.533024858
1025832.5148408397
930042.0
13926014.935806187
798331.2646249132
86539.50470296337
76472.55277355619
1367001.316046677
13926014.935806187
1289724.2825922575
1308300.8254838819
6994911.533024858
798331.2646249132
13926014.935806187
