79851.0
13471005.0
5488557.0
5417129.020900765
12409794.0
1205373.515913142
65225578.97417837
11102.0
69410368.97157179
45710299.7976874
9389.02743406362
46593434.702035084
174305.0
1602362.0
303187.0
1602362.0
1330541.4083972278
168728.0
9122.900142104083
1330541.4083972278
4787115.667858806
95524.29851860687
37149.2069081747
4085236.7822569977
268762856.0
77043.06670191004
134113.60868148657
3347027.4377782396
15508170.0
86793.93333333332
29674.0
3096213.422222222
15339808.820866797
45493.05175542801
24632.53081741333
1452941.5482472598
13309502.186365977
130549.30366459218
78519.0
13309502.186365977
13471005.0
77318.32302585072
69563.60166865432
2256288.184251975
596.0
4381114.0
1549696.337701295
11102.0
298132.0
147867.97614701628
147867.97614701628
11102.0
89490.00561077902
176046.55135937847
294002.9671070469
80819.44769905714
182652.0097199661
319844.6410721059
34516.4654430047
33307.17352786705
4392653.680289399
34543.55860264257
89004.56016811941
4163165.75618802
1879339.0
32582.68394850111
75268.93148491936
1353933.2381721796
54846.88524590164
752.7387348822269
75268.93148491936
41296.5370823994
171399.0
221071.0
949168.6860420117
11102.0
261976.83507414814
80426.29639851037
221071.0
949168.6860420117
1845367.4830069027
80426.29639851037
1845367.4830069027
169285.62039767767
256590.41176123044
11102.0
88004.39739576414
256590.41176123044
201376.51170743068
165938.24642874624
254672.263658557
45605461.0817045
12196378.778358024
74379.23887992257
4330861.555217534
57201.29614210829
28962.645283365306
9504153636.738329
3278358.0116418246
2989842.830167153
1244662.3770776195
373401465.93933654
290806.0
5355852.05031849
89647.37569873234
79851.0
5804629.0
276954.62572777364
5355852.05031849
5804629.0
71524.36095466456
314834.60572104575
9908.184915111255
74027.71967223697
2038730.0593723175
63883.20524280361
303059.1170491372
1924944.0389934783
3124393.5511929486
1879339.0
34773.0
2556145.708254904
36741.2873396384
79851.0
444337891.5627369
3124393.5511929486
1879339.0
2556145.708254904
444337891.5627369
4371897.833488064
1826708.1485196017
33775.03716470788
5025684.419930914
87102.82751179127
74083.28237730279
730592916.7452241
3578083.004884374
1620644.3202745467
4287067.59090717
500904487.94095254
243391071.5092936
15406026.521544572
100625.23595505426
13335204.756819917
161747.06754311098
31680.33174629099
55566181183.599335
12828933.913699016
5051456.790802879
2867782.286842138
1692084425.0934904
268762856.0
695221.9297810824
44664.67259324035
540093.9781205636
79744.55734376426
783.0919952528426
2832572356.5293574
1089614.0465170555
100609.75035429459
51760.12081691658
14285590.905719107
4677398.659411669
4018660.9561038627
23256.458690123418
1879339.0
34543.55860264257
79627.19107863698
862959232.0262256
4411857.429760533
3655040.3607361875
1813430.837232483
776755927.8498101
563136.0815098495
13557229.0
120214.83992295945
74227.14069084695
1042.7191740575659
78601.24932679864
121290791.95544317
388451.38937302877
9058909.283020658
62231.249787302266
61826079.83499212
559247.6515122292
13557229.0
78635.8305965407
73714.60553286875
941.928678089128
71233.89374474398
120453284.3451864
201330.48533180298
2367617.7252865895
45270.82052995176
18703407.95320423
221254.0
1596163.9365999068
985671.0
147861.9955391557
81569.0
1367923.9574541652
3523410.9999999995
1863811.0
10781406.90290621
1223102.0
29292585.0
5400683.355071574
13218660.832014443
129800.06064832967
1173302.2513310015
41378.716391387665
78348.05250682085
582649574.337191
5400683.355071574
13218660.832014443
1173302.2513310015
582649574.337191
91554637.75608793
13393948.93228218
68300.35497020792
8127007.026680179
24801.443226908712
68641.39880140549
23566089026.6752
2207385.8158610207
1640062.8132837063
749858.6000793801
118414733.79244882
10185.999999999998
55819.76589678475
5273610.033986822
70050.14035925057
9921.156854666908
5638611.693049269
1180897.5238074786
1237367.076332487
5664.7150494422185
1425.3843272579809
73234.2207782238
67872.78217057028
5499.919800033784
568727.3999675459
39315.73505779629
303075.5790138254
239340.44822845442
1501509.0
177477.4419987397
41436.66307791043
1259147.3213678866
234858.1073669687
158422.47461982362
1161610.7314249862
1955645.375502873
41864.71543209877
1194784.0
72221.11434575256
5375205.163148923
75081.57956936708
1770423.993172365
180098436.8096477
1141503.3901234567
2320347.6635444723
144955898.77454847
2983628.9742678995
149907.5482149546
16777433.960455492
37825.40664745496
1066000.4188893596
72187.11059901747
1774304.859006618
341658520.9107368
1976200.3614819967
929750.6989045107
129321718.44020998
5305096.0
6437.059405055284
5667834.862269482
16855.66740847843
1873739.0208274038
11115.93849499484
272276.0434042902
837296925.2714031
122033.61952864843
308643.5238234176
7936528.731962061
87831.38063609626
196831.8651287272
1577061.613799799
950698.0
9215.507387152335
121388.17745609599
57051.59466567885
131387.73499453184
75330.08324447554
1462215.47530406
187425.45954179313
1209507.163287818
464509.7034453892
3136470.3004181855
1710369.266630629
10417445.164620632
124058.20133395327
46014.2706821755
656564.9128879292
1123169.5707713629
3012860.3991664224
1126205.773126604
6803478.623046902
26736076.357555505
731477.0870157809
19046039.771919467
6188014.487449653
5602193.0
15433458.590163933
171470.0
1708765.491223401
1590252.5019996036
39270.30525905522
1812048.950819672
42167.0
34489.19672131147
1089122919.0054545
985727548.2797861
6188014.487449653
857151235.3114753
5602193.0
15433458.590163933
242116310.2580644
1708765.491223401
1590252.5019996036
1812048.950819672
172723283666.06274
1089122919.0054545
985727548.2797861
857151235.3114753
242116310.2580644
172723283666.06274
484100.0
19637184.0
15508170.0
46244.38955814853
38758.0
85732.0
291.1767743376526
1879339.0
58943.01971261586
24855.708410744537
133988680.0
104404310.0
45927.42934244636
3436751667.0
867956.6668155005
1514496.7425206895
9469757.0
11647.169970760335
46499.48885892891
621912.2980052636
26545367781.0
3043779.8883588356
11398692.001782497
82211807.32238847
2659341.973771951
860488114.0004395
14074780.036575833
4722465.295081967
4012752.674418917
19236.34386669017
4321325.856253218
5245838.585353467
82321.07713747257
1847768.696904245
33205.00868984473
76372.71530590739
3196260467.5127506
3739682609.7875104
7674104.991412577
845838709.700383
3342491.9553633207
2116387.2111114725
730091708.8574779
3062640.6543816524
3837294.0553956823
1504069.7699585445
837124137864.4253
1422548694.9887502
1445205270.9529939
416205747.01131177
373280843.14604026
278418889739.26874
818489.9545441372
4745547.0
4069992.0
7430.128946905808
431536.19516377663
179055.9702786785
3121.1125648786638
1879339.0
23650.573166867085
60770.147704576346
176819271.39564946
130427535.95106673
204252.80947986845
874270461.0
884137.0296665644
260208.52406703602
36050174.54367795
246862.63890026647
75440.43341142593
540285.0562288667
29157412131.278248
34159012.77388255
10394560.020679675
39792667.22288337
9054370.92699527
1780286845.933078
5383923.41334662
67616823.0
19113533.255121812
89892.12312383237
2605131.5409668842
1112675.8025823184
39346.85875540984
5602032.585645818
65831.47614306089
69659.1635349526
2648891702.4106517
600392492.3373145
3171434.754516057
16656326586.270554
5949235.246204438
2787735.4184983955
252196054.06671762
1758919.7688798385
948262.2698371379
1812297.5874157024
406300349125.23846
719728163.219732
244475092.38466808
434582902.05885565
125906247.5125874
80179765188.52531
638049.4839610292
268762856.0
19719831.447102573
96884.56472201356
378191.18801743357
134307.7558217776
4175.076220854202
16718797.200438889
163517.75044609484
72283.40299462115
581330819.8990111
74075361.64638968
445151.11409845436
82489441617.09215
8955506.867282638
3442544.5377257233
46212869.037810944
238959.55290074332
123188.62688491939
2340909.0040726876
122558572478.62968
129058516.67857921
39688005.42046612
761907228.2916362
19928052.013772625
15878641080.354115
256614.0
127701.0
10568.0
40550.0
1118377.0
79851.0
247534.0
127251.896950397
3492098.101805701
10377.151270883685
2995181.7135089664
1118377.0
243252.13724607453
247534.0
3492098.101805701
2995181.7135089664
5430688.418506932
222923.79842806098
14834.619383824605
2537.432443408821
1089.840251025927
31751.997706310118
78428.93512981056
49440.15800809079
14318.623455672954
411964.3208689384
2514.1804943645698
131347.8668292183
31606.064443236788
48971.43591575691
101189.90509645139
410225.66676661733
130809.99591883308
2096386.5513712706
596.0
73082.46373475179
55875363.0
5274435.78513971
178976.75060999044
73393.4430158475
16576313.747696582
16038.58581707513
7896532.43774443
863407.4900865346
10815896.889183309
2488055.5009573586
12923396318.116964
4034994.9527076203
2350291.251939053
597378.4758005769
1822781503.4480178
1442730123.872864
304167332.5436012
596.0
90373.0
4401115.0
5375432.0
34773.0
79851.0
1879339.0
17109.328657002738
1557963.3932118155
870229.6560861296
4401115.0
5375432.0
765978876.0
1879339.0
1557963.3932118155
870229.6560861296
170347327.8373252
765978876.0
170347327.8373252
596.0
77858.5631077248
186545.8879781421
5309697.0
1006.810286191879
75144.98903659641
73272.08561020036
16071.203771790948
99645.57935428193
866930.0647856845
112737.99720329518
2863373.760117577
34370193.23315118
54714.759960122035
89525.47789084923
597765.3560874413
11476838.820606884
11815715.953826262
8473341.855810102
11102.0
29653082.80775543
4393998.864744262
5299696.136872021
87696.82963282501
8903252.318453185
8312081.704761038
62212.05229902495
1873661.288662655
34327.45512357767
78102.24737994152
29703448.925766066
4402580.41740131
5616054.450379898
10839.326320959566
6947056677.620643
6583575579.626579
25506456.492569007
757380971.2965175
3948158.105149287
4865129.790064105
1816075877.3862267
7531081.248861886
7149998.933241086
1747597.6086838092
6965997843.743501
6599371454.999179
25541810.62207157
759549047.6031865
3955122.7716671783
5179864.427694417
1830267245157.4644
5371864836.43275
5270657419.944238
621465307.4488817
1416162295.2434921
1835992600788.3804
5385109683.523163
5281708181.848522
623141126.7045242
1352813960885.6226
1356814095923.9785
10113.993957707713
762742.8532121456
810306.1793015935
320601.7789168225
10038.179616168974
5298421.942489815
5703005.0
76988.26337722038
1876748.2336388463
32460.741051320925
75114.87861458886
6160737.785461435
2225375.980491755
2441214.2986575617
9859.479552406809
143931284.88216186
79098159.53083158
676353.542244553
52420248.40801387
799524.6668003523
305217.23014338105
843231228.8982128
3363754.640719503
3172281.699147655
1341145.4763635772
728186247.9280212
691538380.6245456
5046544.712625119
219281347.08851117
2043184.4277076928
2144657.1913194787
15959581317.00807
131971429.99227124
62069556.62318235
49913280.80801142
332484935.0028879
101352277345.93657
587641527.334795
480545882.2848759
183085973.3386237
13191819441.84942
70646622207.2582
174305.0
257198.0
985671.0
11102.0
328064.0
5375432.0
69516.40332928338
406570.99999999994
74387.28059908611
257198.0
985671.0
5804629.0
174254.79748519362
8209900.0
406570.99999999994
5694980.589315359
10839.302391432462
5804629.0
266795.3139735463
2026304.8238787167
8209900.0
257198.0
254939.50543825747
5804629.0
969985.3256130394
2073392.8238787167
406570.99999999994
309993.2189687617
2072786.4747533486
2073392.8238787167
8209900.0
7415168.2734618
2073392.8238787167
985671.0
2073392.8238787167
8209900.0
89567.67483016473
224835.83756413677
949149.9919931579
7340.957335011487
69003.07271438371
536934.7134333043
11688.08275143677
328772.8686803381
78394.45429902368
171741.66230834989
491058.0772116799
5639525.038258683
88308.43704393214
7032933.239658202
70428.34176488811
3755467.5808723015
7301.325474667015
3043397.512620208
65106.83570838602
486789.3387001054
1673686.75821455
176513.33022222528
171072.9621901497
5804516.190041684
480553.5327453901
4420524.884181893
77026.11464134073
69313.73161400412
3351059.243157269
2745339.524372842
1830381.9994061892
1653611.6938632163
4423683.542638399
650352.4420060217
4422987.258326153
1830381.9994061892
5796.863921178621
42914.05051574321
47979.07736353288
7980.622359729978
46555.146187155195
266210.6358743413
8646.7510968806
406570.99999999994
79851.0
38095.16512559222
29102.329163598373
2900800.9898656867
5780.33905404715
769055.9297397713
72244.05334004566
1933041.9328140044
7826.778606615202
1358477.045341267
44441.2229201819
266210.6358743413
301146.5463920579
38953.831123203345
37910.54854222498
4173791.9924174454
28684.958664795544
2900800.9898656867
107162.6158908921
68315.79497268601
1933041.9328140044
1358477.045341267
324429.58183459606
294684.05366823537
4624298.117957363
31839.911769639257
3390123.1488887747
324429.58183459606
119417.71091981388
224973.27234875385
760238.8438425772
9725.644383113038
170775.4482583867
1191229.3198032686
39952.86541392455
352249.5368448373
73777.70842710922
224972.02628089688
676930.4855810008
4534246.043497841
114457.45232353659
7022557.172373419
352226.6091962699
3136320.2355565517
9485.624466068011
3071705.451071755
149549.8261406653
1059166.9109377726
7022442.534130581
224973.27234875385
223042.86732659087
5804397.951786363
642675.097643296
1896437.5434241807
352249.5368448373
263658.58454216726
1870843.4431623407
1863950.855973868
7022557.172373419
6350338.053654582
1896782.9931542466
760238.8438425772
1895463.8243158464
7022557.172373419
65650.34085365219
215698.06424509303
1575525.3103101917
15404480.095734779
168728.0
6435.194752402522
74619.22237201605
144517.13161618635
34531.64498371992
134433.24526723323
852565.5516648358
11772142.783563731
64527.204479114094
3443105.3233634937
15808269.023737313
215145.16033195995
5777620.281071747
1515718.7012239464
15404480.095734775
90517.8588260356
2222436.103909207
134433.24526723323
134433.24526723323
1528935.611029942
838286.0014486021
11772142.783563731
3453058.9068260984
3435415.6796021587
15808269.023737311
5777620.281071747
2222436.103909207
2222436.103909207
15808269.011436652
1528935.611029942
3453058.9068260984
2222436.103909207
64965.23629705165
219347.24212749326
1020699.5825536923
12325842.483374683
93249.62167569526
10140.9248937139
47950.89221635946
146271.0
32202.4543599782
205620.70050344907
822664.7091797267
9994670.809888275
49020.55418694429
3486059.5172607885
15917943.883632988
210188.69435806642
1487167.0
801211.7990714095
5601211.045591272
136129.19766472792
3320738.339217283
206566.50885543792
199159.55593592982
1109385.052393518
660406.2251109278
5452354.498774427
3505682.0
3342692.9156063455
5675414.6118052155
1487167.0
3330542.299187947
3216517.9998736684
5675414.472190084
1109385.052393518
3505682.0
3330542.299187947
169582.7731251913
221071.0
837633.427070882
15276965.490379479
168727.81102646326
10859.974900520356
87411.23790259044
127798.44551442967
34373.82457327331
216033.2017141108
828452.7549405013
15207925.349704348
161195.68212665225
3053363.163524983
15681837.119088208
220422.467974382
1833342.9100537994
817792.4747072154
15276965.427446458
126588.70719410578
3021469.418562854
216273.2017141108
215853.58092038688
1822023.2969280423
809172.1709086022
15207925.345453283
3054323.163524983
3052787.816134784
15681837.099468168
1833342.9100537994
3022429.418562854
3020931.7585640587
15681837.087384533
1822023.2969280423
3054323.163524983
3022429.418562854
29258.667437587083
193364.01828743282
600484.6393575147
12325842.483374683
62419.48058223321
3311.157214456563
11798.230101018957
116348.0356809976
26286.475451118535
90060.49343897517
276946.6629863441
4821581.9291360695
15428.891994879097
2763056.651192058
15917943.883632988
172835.30176479512
746124.0
473765.9511667583
1772857.4476492752
58607.0025370146
1537839.8769057007
90060.49343897517
84899.5311934567
317415.4766409547
241007.89997087966
1401774.783364235
2764955.471467413
2522539.432151886
1772855.333125964
746122.9086671364
1537839.8769057007
1476240.1060308884
1772813.5811537774
317415.4766409547
2764954.3801345495
1537839.8769057007
174305.0
257198.0
1602362.0
985671.0
19866316.0
11102.0
303187.0
327151.99999999994
160498.99999999997
406570.99999999994
1500888.3076285496
257198.0
1602362.0
985671.0
19842299.71806314
3976195.9999999995
8209900.0
257685.0
10804916.0
6112447.0
21888745.069524154
160498.99999999997
406570.99999999994
1500888.3076285496
5375460.0
3976195.9999999995
8209900.0
257685.0
10804916.0
6112447.0
7510237.023053141
109966625.99999999
3983987.9999999995
8417849.0
36027485.55264928
5375460.0
109966625.99999999
3983987.9999999995
8417849.0
36027485.55264928
113293809.99999999
113293809.99999999
101856.40046232182
234791.7917189734
1240954.5023287144
760238.8438425772
13557229.0
9003.17641378777
234395.08641877602
147552.01474227273
147065.94951545814
373298.5380844835
1500933.9232158987
208509.6022340276
1148185.1898577255
529985.0619905819
11643995.543466412
3625996.565996354
7324288.789576733
236490.5140795204
8340624.007848139
6112447.0
21888125.601394903
133828.2183930339
137871.53037173918
1058717.6030142067
4928327.436419338
3327486.5212720134
3242078.772616349
209101.7594865094
6895298.0939372135
4542575.771651702
3387993.963954045
97218276.40756992
3649178.447347564
7710338.7995669395
36028194.454381205
2043593.5957891513
48327977.75421037
3330447.3075344223
3263396.433705693
25486492.710004818
103588311.36658935
48434566.0596571
81522.48766284063
256614.0
1577813.0
948964.2692534474
19494236.103182353
9869.239454498269
118733.54628974313
56276.12056003067
160498.99999999997
370939.2755414926
1438103.751726147
230097.78388521168
1211960.0527811733
523200.3772436661
13855871.370761642
3969381.9999999995
8050461.999999998
257685.0
10410693.165564919
6112447.0
21607230.04011422
147168.47053073937
164863.87947720688
767233.4749370654
4805352.408663882
3670227.5671895174
3979842.814104498
230097.78388521168
8059567.364539093
3063335.95299438
1453921.133646776
107506697.99999999
3983987.9999999995
8061531.755414926
34962954.434703425
2375169.945026961
57155291.76602674
3670227.5671895174
3979842.814104498
20181479.61898781
107592734.08663881
57155291.76602674
174305.0
257198.0
867396.0
625069.0
19866316.0
11102.0
91976.0
33691.0
126158.0
375702.99999999994
185582.0
257198.0
867396.0
625069.0
19842299.71806314
3249669.0
8106894.0
257685.0
4374984.0
1918570.0
21888494.08257448
126158.0
375702.99999999994
185582.0
2682897.0
3249669.0
8106894.0
257685.0
4374984.0
1918570.0
821594.0
66013480.0
3249669.0
8106894.0
4644934.0
2682897.0
66013480.0
3249669.0
8106894.0
4644934.0
66013480.0
66013480.0
134843.62621988216
254641.25830870576
27192.0
760238.8438425772
13318614.255424874
10756.833333333334
1040.5
321466.3333333334
11319.0
406570.99999999994
10913.0
251899.7009174834
27167.0
744817.555882765
13297439.46944437
291500.0
7842562.911581941
257685.0
258470.0
27192.0
21338843.992693257
11171.5
277412.83333333326
9845.5
230747.0
290025.0
6872425.905529985
254086.33333333334
247795.0
27167.0
7398141.666666667
4565660.0
291500.0
8417849.0
258470.0
167764.5
3935835.0
290025.0
7081726.333333333
247795.0
4565660.0
3935835.0
127562.67373716507
256614.0
1575245.5035366577
51365.0
19637184.0
10564.862068965518
223711.07569404665
1841.0
160498.99999999997
17672.0
26767.0
247458.6896551724
1452820.8778347026
44287.0
16812359.09231128
3969381.9999999995
443453.0
257685.0
699768.0
5724906.259550419
21867293.86904647
152048.17241379307
16906.0
25866.0
289232.0
3799672.137931034
422833.0
247688.6896551724
676481.0
4324978.467156926
44287.0
7620761.0
3983987.9999999995
443453.0
699768.0
275552.0
7203539.0
3800822.137931034
422833.0
676481.0
7620761.0
7203539.0
131157.72379948676
1602362.0
985671.0
233246.65019777758
143471.9216364506
1094943.5443538867
39705.73232075858
1501509.0
79851.0
1481349.6921557519
704683.4868885083
3590939.5017801723
130221.34944529131
10804916.0
1052570.0906299974
3261436.694831985
228710.2522792056
2680316.3680606326
135491.62808600065
1094943.5443538867
9121043.512255918
1596477.404678705
1475288.6957677864
5417986.884040598
677660.5578648786
3590939.5017801723
1356744.995311095
994690.8988931533
3261436.694831985
2680316.3680606326
9920199.893547922
8873234.061994305
1596477.404678705
932409.5925072124
1356744.995311095
9920199.893547922
100094.39655964081
1221412.521878981
732605.2534016945
228005.84920656454
140101.383118246
1001107.7968010004
34045.44154167094
1501509.0
67401.12316611249
1131955.1941475193
550421.9699742167
3416797.884984825
99341.6262096128
8035315.0412781285
1062900.4308917543
3192418.784520999
215250.71283693722
2600868.0071090763
119413.9119861989
653644.3847600891
7001100.327062024
1185060.7128035994
1129106.112212011
5139354.079027742
535813.5759346767
978791.7586512829
1325214.0754982138
967490.0431774469
978516.6222168249
976107.8990570105
7214473.885539227
6929705.902178196
1185060.7128035994
603333.6279109402
1315517.9218933925
7214473.885539227
129537.00872259506
867396.0
979178.0
55796.03248955285
131875.33831418137
1100375.4603599724
36417.69360172547
385794.0
66825.04827977932
746140.681859875
723479.5928805833
3478628.3103824677
128344.1753778159
5310342.0
249604.64064803728
3253441.292211659
55407.419356993225
2724972.4148309287
119394.12249371331
715148.6375490044
4597412.773741362
822795.0
742006.8951082109
5224192.490489166
693821.6465786776
973242.6912455203
312982.0
241262.50563342075
972922.1050759492
971303.2213505497
4887135.0
4505642.220133157
822795.0
807967.0
307835.1433426736
4887135.0
83652.15557914063
1602362.0
625069.0
121688.16267509526
26351.246235715214
294843.0763082406
9531.032992858729
481759.0
77632.56228067515
1235715.6429005766
494735.6815542857
2992929.18963687
82260.60050755381
9152771.0
396452.6144848086
2665841.972927167
119345.9317148968
1775175.0593590515
25356.168259597172
293437.8658903842
7667597.661953454
1454876.6983964075
1224828.290307424
4407426.516984837
472519.7005661107
2963557.895987267
429559.58795635425
385428.307814323
2648097.4440741967
1764794.3410960797
8168608.638690628
7428978.758619197
1454843.5159082194
557760.7451350316
429559.49935133755
8168605.980540127
85260.22010672036
1602362.0
985671.0
123841.15869249857
81682.59877587657
315418.3719305687
9953.71956644585
1501381.0519502026
79851.0
1249060.0769478728
667601.2987142575
3163946.9424450137
84006.94886653607
10804916.0
944370.0697257018
2798620.2295517805
121543.2450300465
2199422.0081360964
68324.9208963806
315418.3719305687
9746386.220825795
1466897.4387628124
1241719.1271683963
4933235.784570939
629317.4275450846
3163946.9424450137
1351226.5496007728
856782.2274343596
2798620.2295517805
2199422.0081360964
10388306.877525624
9440252.140430633
1466897.4387628124
813997.7193814062
1351226.5496007728
10388306.877525624
75474.56356185835
1240954.5023287144
760238.8438425772
131336.54510094586
78996.30661783207
555422.3708911161
9807.194789488909
1501463.3844126507
65052.19999999999
998854.1723539565
452562.5876897555
5604716.669162045
71429.587514392
8340624.007848139
826943.1114454125
4332445.5474959295
119033.33603816008
3434774.5492613665
57360.88620996958
230628.64550604174
6268440.517894015
1199408.9033471528
978574.7686994806
5724424.261743947
421152.1022809499
874593.5949845229
1219885.2812429979
727956.0819798941
873956.0247081835
826525.4885466574
7003674.460405452
6072920.351873962
1173779.6255856554
551742.1233838671
1183218.1984359394
6952415.904882457
6444343.259335124
160538.00601810846
40205.99151086305
6220196.465694076
46138890.935366765
132712.0
89014.46747597645
46138890.93536676
264948707.0
89769.52084575809
157503.00803864008
6267779.294767802
268762856.0
94139.47436400756
164387.2175526807
7373916.786168588
15466852.257504357
164261.23720341222
34448.8811762558
14228667.32541115
15594142.076796815
171152.7619985318
34706.13736537628
15507968.617276864
760238.8438425772
80671.09391747016
134887.0
328064.0
431848.01984585467
760238.8438425772
80698.81701238044
431848.01984585467
19633539.36176306
129919.84452908578
76810.12388488292
8613049.07175362
13309502.186365977
130549.30366459218
78519.0
13309502.186365977
55663412.26629328
174884.65877259296
71079.09829690245
9169487.56498713
52765896.64762381
217745.28131012883
86008.34564293292
35890428.65964082
54879022.6152749
190659.92560802936
75531.18906090503
13524713.260621212
303059.703063837
55276.660234465155
111522.63758343155
4247399.900769981
34773.0
46139.89838643171
4247399.900769981
4401115.0
33914.094185673246
86931.70678294578
3529202.14414516
1602362.0
985671.0
174305.0
1501387.0560072267
303187.0
327888.0
10804916.0
1602362.0
985671.0
1501387.0560072267
10804916.0
1217747.1687767247
726379.4693121094
132136.19490984693
1418348.8575042707
297712.08842080645
262116.0
7981439.032201941
1217747.1687767247
726379.4693121094
1418348.8575042707
7981439.032201941
1334086.840646793
15508170.0
164237.02946016713
723586.1952922291
9033.020474620038
34542.35656904
253304159.45521182
1325810.5638899556
14259705.408889007
723066.2121319002
250780500.4902288
6730306.732764092
15595251.950349344
154325.5032491257
1664362.614432611
42046.263683445955
33947.81054282028
1063578027.6551924
6291862.31524101
11226904.156330781
1644337.5926923964
928425913.8373276
5291983.0
12409794.0
66624.0
1550420.0
36699.0
26402.0
749745558.0
1634921.0
1824672.0
821923.0
155016185.0
126529.72209376248
985671.0
135860.68728724404
38928.88564800829
584750.9872581419
126005.10607108843
130680.99586653066
575950.6506288922
131274.50036173844
732605.2534016945
275915.2209643277
85639.7203582794
613251.589006331
131179.0764337986
262570.71743543237
610032.6406673536
176967.3348996896
1206549.952992458
41273.23251454266
78519.0
3079153.1200819556
157939.65246288796
1206549.952992458
3079153.1200819556
1664747.3884115417
1879339.0
32947.82717264307
1227231.1798650986
41784.25542066065
76168.92762000642
140807092.7847171
1619146.618302504
1415306.649696761
1171520.7290215278
128342323.61332403
266651904.73798895
15616453.999999998
97885.0587325193
14390684.941843187
160731.95432396763
31389.132719132296
60755621472.086685
10527354.039813131
4542147.267866144
2580053.4241353804
1348384082.6085563
168843525.81657916
12325842.483374683
102153.63595673532
14479088.0
196313.66409122187
32697.932448796415
40865834293.53031
23587731.064173568
6032447.4943662025
3647779.281786408
2734092947.26161
67245297.23304015
15408206.075737588
82408.46836314996
5305096.0
61357.49987011273
29300.314010388443
13618034164.264883
4614203.628672017
3070613.6233086432
1681868.320719175
537016993.1123786
4572390.093997154
3923248.7290721713
24151.7031642345
1789311.9244626274
33680.0518057736
77583.78186778734
805295633.7963185
4572390.093997154
3923248.72907217
1789311.9244626274
805295633.7963183
4677398.659411669
4018660.9561038627
23256.458690123418
1879339.0
34543.55860264257
79627.19107863698
862959232.0262256
4411857.429760533
3655040.3607361875
1813430.837232483
776755927.8498101
191110.54365982133
1240954.5023287144
760238.8438425772
134887.0
128815.70173035363
62754.906107605944
9792.783905404503
1500868.3669051204
303187.0
326886.9999999999
3045577.3569467054
1448839.3861378266
191110.54365982133
8340624.007848139
1240954.5023287144
760238.8438425772
972917.6024709018
128815.70173035363
62754.906107605944
1500868.3669051204
23682403.78350636
3045577.3569467054
1448839.3861378266
8340624.007848139
972917.6024709018
23682403.78350636
205802.9432791738
1240954.5023287144
760238.8438425772
134887.0
139147.79486927218
70789.4470106479
10420.036522510714
1501509.0
303187.0
328064.0
3299175.8516462143
1607887.4895744757
205802.9432791738
8340624.007848139
1240954.5023287144
760238.8438425772
1095521.318198199
139147.79486927218
70789.4470106479
1501509.0
26055215.519835625
3299175.8516462143
1607887.4895744757
8340624.007848139
1095521.318198199
26055215.519835625
198484.55391378328
1596816.321580098
985671.0
174305.0
132206.55559276367
72441.75866255588
9932.951440263587
1370532.716237437
272924.5823521649
327649.9999999999
3155810.9846893996
1680303.4720090618
198484.55391378328
10785179.256357362
1596816.321580098
985671.0
1089829.8789133793
132206.55559276367
72441.75866255588
1370532.716237437
26536967.54348662
3155810.9846893996
1680303.4720090618
10785179.256357362
1089829.8789133793
26536967.54348662
187238.45016867828
1602362.0
985671.0
174305.0
125470.53480474566
64012.648609866425
9461.077513769527
1500888.3076285496
303187.0
327151.99999999994
2984096.2601688914
1496903.288340746
187238.45016867828
10804916.0
1602362.0
985671.0
989496.6279331158
125470.53480474566
64012.648609866425
1500888.3076285496
24321273.926494874
2984096.2601688914
1496903.288340746
10804916.0
989496.6279331158
24321273.926494874
264948707.0
19637184.0
91931.57479445089
16967914.0
155715.240224354
72679.90874337124
82302841953.0
7588428.395903238
3074047.7369981525
2129180.054075847
607801712.0573044
65367957.65383236
19672774.48295082
97942.33382581393
5458725.399830813
66032.98240867896
72146.02801406971
16279582420.927809
9372741.007615339
3593569.73158807
2211901.183805335
874601695.0043789
263454035.233252
19191682.884812858
94312.73471274969
16412196.670139585
170941.55574855715
71101.3506954301
79634350061.72894
8068989.213797348
3276930.463608166
2232229.459463953
650535133.0034305
22710338.008138686
1574134.0
3317.311111111111
16820628.08503663
167963.02705437707
73326.64444444444
7559940240.18724
729133.0666666667
232945.24444444443
2247517.3557566633
79354500.6
232960.9630488471
1419932.3408309377
135257.0
37896.560721757094
1073238.511180243
223565.1285774584
123367.06484856701
1000042.0952275463
230887.72242319648
1430195.1356332153
172886.34323798554
41135.81522927763
1202700.2816796075
225980.98272012628
153600.9216510314
1100214.2895188404
6770026.631815011
30480.933333333334
8557442.0
40935.55881139691
1615303.932025729
70932.05555555555
1650173.7353470721
1171202694.8631701
1157572.1999999997
989659.9299716299
114785890.67043695
54966638.997671165
263634.0871836382
16877826.0
88661.92824406293
5347189.486133612
79627.19107863698
50156260.5195694
13089401718.6547
15368711.190916266
5121348.3906247765
11536859286.879787
2007047.8421593274
60143.317986732014
5292255.798550827
10676.78589750515
568277.1073662199
70452.35161704884
567301.8778059331
301352320.3248646
1571020.2617095385
308211.33286071644
39792150.284256846
49996466.43972298
272833.0
16877826.0
46912.9000620484
4460779.741678509
79851.0
49996466.43972298
12439174697.985727
16877826.0
4460779.741678509
12439174697.985727
949316.1015086984
266881.79124065774
16967914.0
9890.619072405172
314492.27703303413
79627.19107863698
930021.9952932394
125055440.15577811
15444575.895189771
313714.6616417883
119783344.87540072
14443421.0670051
171121.32723394124
16722005.0
31695.542938091814
1869631.384117372
72883.79642567248
2822268.169647838
3346441636.1424675
2700799.325987396
1241549.4830004326
255094549.19503263
1823494.5211361968
34549.944397961604
1193212.168709161
23464.006795301808
1871148.9002076203
59015.30773617765
648650.7323038864
139020792.25482672
580917.9772563925
529025.6142244076
24688603.213668015
14479088.0
277348.0
16967914.0
34773.0
1879339.0
79851.0
14479087.999999994
3390435502.0
16967913.999999996
1879338.9999999998
3390435501.999998
76938.83910634505
178416.42875938592
1240954.5023287144
759615.1209184674
8894.677318373955
134698.18324355033
101469.09928326699
119705.67680965077
60004.36505412837
1439169.0
176987.61758736952
1014217.7489882209
583434.4338634007
2836760.853233608
1380693.0728860986
8335634.224455261
118000.54920223575
59796.26637797104
1034895.1174868891
931457.4503741671
2822373.852254382
1379256.4516553245
7794490.210886561
22513513.04682075
929702.3383907028
22498876.123961277
87831.38063609626
196831.8651287272
1577061.613799799
950698.0
9215.507387152335
121388.17745609599
57051.59466567885
131387.73499453184
75330.08324447554
1462215.47530406
187425.45954179313
1209507.163287818
464509.7034453892
3136470.3004181855
1710369.266630629
10417445.164620632
124058.20133395327
46014.2706821755
656564.9128879292
1123169.5707713629
3012860.3991664224
1126205.773126604
6803478.623046902
26736076.357555505
731477.0870157809
19046039.771919467
127512.72496931667
221071.0
1577813.0
949179.0
11063.526380693369
233683.8326028914
134188.22654397666
147869.0
80428.0
1439169.0
220405.63313664086
1455188.2087044155
706992.8026937343
3520953.9999999995
1845374.0
10412334.0
147222.15828416022
72176.85281440597
1079106.191496133
1212446.0
3507979.7988198446
1705816.467545743
9052623.70279498
29031150.0
1072659.1168864358
26450276.80527446
171399.0
235818.0346794573
1577398.5090833572
79736.88186457913
10185.999999999998
298004.2440106416
147065.94951545814
235818.0346794573
1577398.5090833572
81534.15644518816
3638433.800681309
205075.30096338846
748469.2715762516
147065.94951545814
3638433.800681309
205075.30096338846
748469.2715762516
3167981.1741727577
3167981.1741727577
903022.0126334883
22731908.60423421
150377.13996526226
5027.977285735828
4083016.555482815
102259.68083471559
40509.207990355775
538357.1283419345
185201.3578816399
1022.5207869623057
1127379681.9322135
24148719.980437778
782624.6401738459
252452797.27892563
3949780.0910839774
118447.33170665671
46198474.48767413
2953246.3046167577
100171.3373824862
181892.17142846386
17070945503.92765
535254675.5862731
23023365.552127182
51927744.19643898
34953053.636337124
10594185162.19943
5352749.676363949
66099963.71983578
659975.9424232207
64595.63911788364
2572837.461140609
92860.20493156921
35385.63342757099
218112.90169584937
50046.52577414145
769.9159414533179
2585513000.376439
64063094.1561227
1325171.1443782062
644132498.8948715
1878528.0383728712
103081.66056516745
31411291.312209852
852294.5750845957
42394.95878740199
54988.19058545282
34331346932.213314
121144436.52315874
10798583.385740604
14659246.80334872
5586913.032791512
1831784541.2263036
268762856.0
19444106.150801413
699121.2018556865
90322.97573428458
16322256.876990665
543123.1883286054
148660.93794841453
73595.09948595434
69568.56816990723
964.2664543741512
80930024666.05826
2848459327.028962
6325180.550991254
164860702.89798027
2783333.3154126597
220751.23738356505
133939966.15091892
1873097.3054364745
116508.17528089162
47903.46038842126
920068651308.6798
443454017.2638288
68707952.75165385
21473396.572311953
11090320.087853245
8646420024.278986
4136564.737752669
167161417.90650347
13557229.0
22603.845536692774
3576102.7044466953
545092.4918991526
7192.248731111136
16707463.012685234
36300.97419788118
44292.3415138146
11238379908.638594
802189792.4026539
127658.38391557072
50313484633.46928
235864.00216270325
288651.6268307877
787279869.1779546
108916.22419492273
113245.5486957434
302166.3019347342
3476235797560.6523
7849011.675213995
4316909.320086187
6354505.0679763565
2922897.3977635168
371761658.03542596
91349.48565752362
171313790.0
13557229.0
132712.0
53362.42753501597
20483.762657400264
689.0501240956854
16967914.0
277348.0
79851.0
66687740.81675973
9809571.454576338
91349.48565752362
51796348869.99999
171313790.0
13557229.0
6081266.346545119
53362.42753501597
20483.762657400264
16967914.0
11923512596.777029
66687740.81675973
9809571.454576338
51796348869.99999
6081266.346545119
11923512596.777029
1392854.9577760752
261756271.81991023
19431932.922009878
99663.3388086913
834067.1888979464
291772.4878254172
9308.754177323131
16967914.0
168537.22425991966
74171.78895355256
1255191409.751631
161430799.242723
1078498.4830359733
81328153111.2545
13875436.258712128
4113992.2951374315
102363261.97100471
579216.5830941843
273596.565155667
2839506.1193395127
264658886338.99258
408275272.22928536
101438610.7058526
1476853534.1534438
51181710.63649605
52930386077.46111
202681.5998636078
142456.47965456304
7289.131327630072
39167.13054855479
1142146.1868050734
79851.0
167206.35976387135
141551.76431504413
4478992.483239321
7186.116391825855
3012187.9304643185
1142146.1868050734
164985.12241231586
178119.4075367109
4478992.483239321
3012187.9304643185
5803841.499916421
596.0
89895.58451574258
4395176.42417839
5299696.136872021
34773.0
78519.0
1874173.0
17074.05572213817
1555333.2559005283
865200.7596447964
4395176.424178388
5299696.136872021
757581933.1504126
1874172.9999999998
1555333.2559005283
865200.7596447963
169158258.89937916
757581933.1504124
169158258.89937913
170814.0
232148.7554479219
985671.0
7641.109980127218
266459.0
5212923.9486702075
88254.86520904217
375917.2253167759
77832.24632086557
178066.21892335906
763387.0
5679320.097367257
170608.10360053566
7637234.574218678
79310.89916181563
5448807.0496709095
7588.7988683954145
5679320.097367257
256521.93601405976
5212923.9486702075
1842761.5497099771
184331.37943489477
177073.58668774215
5679320.097367257
757706.3962418849
5679320.097367257
89635.09682879044
77544.614745759
5448807.0496709095
5679320.097367257
2062015.0502025657
1808810.702174256
5679320.097367257
5679320.097367257
5679320.097367257
2062015.0502025657
69854.2937394219
225032.54255375345
1240954.5023287144
760238.8438425772
13457768.18818881
132712.0
9109.771688155162
121467.49837559981
63323.7672658287
141025.8011011354
352129.4232117698
1498763.6794576957
78118.70656088578
214215.4646957154
984009.708079651
470872.7980200989
9638070.645939002
68024.52016027867
3490894.474571467
7028946.991496443
225820.75669849158
222020.68818027305
8340624.007848139
6112447.0
1198921.20796343
21555018.806373544
700470.5713779466
13457768.18818881
133056.9582375601
195465.42692796406
808270.1535094825
4659497.747866469
3330985.2025000034
4844098.090267837
214266.33143874005
213792.82036969895
6781118.997962361
3136636.9142707437
956872.0431937933
21554385.118029337
446306.9977875517
9638070.645939002
93945001.40796459
3502132.1586361527
3440629.1183985723
7288107.892583832
6328266.518675192
225820.75669849158
35985353.50592573
7621904.014734093
6112447.0
21555018.806373544
2474406.002742832
60788493.87947133
3331239.5362151265
3326740.0261842916
4845929.293016723
4832602.078118583
214266.33143874005
21172357.42370381
6407694.543461617
3136636.9142707437
21554385.118029337
98090976.37580317
82564603.18917903
3502132.1586361527
7288107.892583832
35985353.50592573
60797649.89321576
60706028.65938126
3331239.5362151265
4845929.293016723
21172357.42370381
98090976.37580317
60797649.89321576
173790.05650046043
236173.40047352586
1602362.0
985671.0
19866316.0
171470.0
9413.93050836442
302211.5271280922
307409.68172187154
147065.94951545814
373298.5380844835
1501509.0
79851.0
220686.48121686245
1596257.2260018417
900529.5595290076
19804939.177287735
164747.71718065283
3644104.6296516517
7574931.289807273
236490.5140795204
234131.4949046993
10804916.0
6112447.0
1538421.3586452655
21888745.069524154
897156.4463089571
19866316.0
137669.44130105458
176160.87533178125
1363818.8038697445
4928327.436419338
3442744.390347257
4365925.0127693275
220686.48121686245
220507.7006165319
9693186.23811603
6089403.376824328
1534285.1510860696
21888447.16014885
840864.6131717038
19804939.177287735
101421791.21043469
3649178.447347564
3610559.121876498
7710338.7995669395
6991264.358340161
236490.5140795204
36039663.0
9826711.920036249
6112447.0
21888745.069524154
2410157.009011586
59246945.377379626
3442744.390347257
3441850.487345604
4365925.0127693275
4359488.911157429
220686.48121686245
32826224.764892515
9101162.311059065
6089403.376824328
21888447.16014885
103588311.36658935
91899508.56984319
3649178.447347564
7710338.7995669395
36039663.0
59246945.377379626
59214764.86932013
3442744.390347257
4365925.0127693275
32826224.764892515
103588311.36658935
59246945.377379626
118262.95216836655
247946.55960969703
1221349.8184255993
732605.2534016945
13393948.93228218
130549.30366459218
10806.073667625798
237555.12251650172
179963.79975169347
156679.36779587524
392960.0588859348
1479414.8350085684
79851.0
247946.55960969703
1196127.9832326903
657258.2953106781
13351978.989754679
114540.65041131683
3845318.3093445566
7501880.858637643
251030.5614498511
241338.582687853
8035252.337824748
6011162.102710954
1181293.1578934805
21888125.601394903
679361.2202300321
13393948.93228218
156679.36779587524
392960.0588859348
1248426.9955550747
5198959.495968773
3845318.3093445566
7501880.858637643
251030.5614498511
241338.582687853
7888859.55675201
4633701.151783679
1158618.4780502932
21888125.601394903
611602.9761243968
13351978.989754679
98723020.6402591
3891709.018510286
3740848.6624802058
8142373.558683508
6589179.412217058
251030.5614498511
35503362.06799794
7390973.455902649
6011162.102710954
21888125.601394903
5198959.495968773
98723020.6402591
3891709.018510286
3740848.6624802058
8142373.558683508
6589179.412217058
251030.5614498511
30145809.69774732
7265964.433495931
4633701.151783679
21888125.601394903
109556573.66311033
85336615.26614001
3891709.018510286
8142373.558683508
35503362.06799794
109556573.66311033
85336615.26614001
3891709.018510286
8142373.558683508
30145809.69774732
109556573.66311033
109556573.66311033
94043.90392195387
235818.0346794573
1577813.0
949130.3603117598
18893999.450560287
168728.0
10177.658579655621
134782.30084203547
100451.55349438301
147065.94951545814
345526.3960622301
1438300.0420195765
75934.1176165118
235778.9724385078
1269569.69659402
714243.1113073134
14461586.904176364
91129.24233425404
3638433.800681309
7423724.121220805
236490.5140795204
233236.07301894575
10412109.60146486
6112447.0
1516629.8795031277
20835575.14878207
870152.260521704
18893999.450560287
147031.0427649803
345500.54616730945
1032021.3599524084
4483973.164063285
3638307.846372009
7423483.516606974
236451.45183857088
233197.5296528712
9670154.214054266
3458064.1539619337
1230514.146167896
20835454.98704332
655572.690979375
14461586.904176364
99003017.36750235
3649178.447347564
3600686.8190547503
7432617.379344406
6783155.196605818
236490.5140795204
34968325.79256366
9534751.528864045
6112447.0
20835575.14878207
4483557.986126366
99000762.05726084
3649052.493038264
3600577.468741449
7432376.774730575
6782962.328480483
236451.45183857088
26879896.28505094
8861774.017281972
3458064.1539619337
20835454.98704332
99144768.64302881
89413453.81967114
3649178.447347564
7432617.379344406
34968325.79256366
99142513.3327873
89412726.07706152
3649052.493038264
7432376.774730575
26879896.28505094
99144768.64302881
99142513.3327873
147462.6381977943
1602362.0
985671.0
240428.77078120934
181803.32407277677
1230280.9830067453
39727.385790249726
1501509.0
70241.59999999999
1541260.411020596
855525.0859270231
4504894.888883368
139117.55271572684
10804916.0
1266332.5371789997
3402982.1843338297
230742.46705307983
3112864.205174309
151778.79876742515
876582.3521493431
10510395.354676649
1602362.0
1512593.756346817
5724299.951786363
800943.2330499742
1352892.6598570033
1501509.0
1141487.8707286415
1350820.6492718533
1349060.600274398
10804916.0
10181975.17782553
1602147.0
1353585.818453029
1462601.3385718144
10785136.0
147038.339447202
211581.44465810107
1187312.0
985671.0
10614.108778285472
66278.2501075272
179259.1372329955
41410.73849541757
140816.43559266697
75262.67097771002
402076.0
211581.4393298106
1147393.9543476445
853900.1794039027
145934.37730474956
3369034.285056944
1742411.908013486
8129903.0
140816.403622924
75262.57293716495
151694.07758553448
383622.8422569152
66078.49407263004
159895.74795673243
1043460.1862112109
3369034.1252082293
1742411.4178107607
211486.1849727503
7914821.438898511
1143819.5551589923
827179.2241603072
26203222.991933253
1043457.2449948591
140780.98054848044
71771.03513305499
377888.26811449585
26203208.285851493
3368820.6104681687
1710405.5767352055
7860163.8246287955
1038918.2777102502
26169484.44097212
171399.0
211918.35466931039
1576085.453987556
950698.0
10592.37396352164
289217.26993796485
325006.8784055596
88632.08313395712
142255.32041351215
79402.0514182963
1438895.3798892726
211918.35466931039
1576085.453987556
950698.0
171362.70088853285
3392130.6022484736
1795834.1638090925
10415615.21067701
142255.32041351215
79402.0514182963
184837.80773690698
1438895.3798892726
288836.4909741564
298730.52857748943
1190516.080268011
3392130.6022484736
1795834.1638090925
211835.45511508876
10415615.21067701
1575581.9726304407
939910.8411389082
28240388.604951162
1190516.080268011
142097.59120388908
75445.93656473045
1387902.2830177895
28240388.604951162
3391057.0665400713
1767000.9645946915
10284469.164918363
1141942.6064741996
27870993.25374962
