79851.0
20268446.0
18425767.0
18585827.994088583
40111590.0
1837252.0354039264
107979325.34899242
11101.999999999998
107991973.91477378
72400363.63967115
9389.027434063622
72404237.00800818
174305.0
3248147.0
303187.0
3248147.0
5302667.814225644
168728.0
11600.565607184753
5302667.814225644
15683694.160199543
114011.05471224726
37267.92469674246
14860145.96496972
379672115.0
98457.11232677841
178552.4139467708
29335710.402639583
47585241.0
127472.99999999999
33019.0
26586446.000000004
47233534.45344139
86616.09908448465
27575.90441838711
9993470.771141164
19984420.685899105
130555.01177885193
78519.0
19984420.685899105
20268446.0
106140.0
71763.72907731486
8151614.000000001
596.0
8879224.0
1096496.0
11101.999999999998
298132.0
234485.99999999994
234485.99999999994
11101.999999999998
90236.41220104147
73044.76595318617
294002.96710704686
82067.62969381452
422791.16666666645
327888.0
34756.721972002546
34756.72197200255
8879224.0
34773.0
89720.53896596828
8879224.0
2834723.0
33485.682780523326
77977.08909217807
2247706.347918637
80088.9344262295
794.2715194662367
77977.08909217807
78299.04238480063
171399.0
352306.99999999994
1854361.0
11101.999999999998
261975.07187625393
178014.99999999994
352306.99999999994
1854361.0
6353869.999999998
178014.99999999994
6353869.999999998
169285.62039767773
403992.99999999994
11102.0
90373.0
403992.99999999994
413732.78202365455
77240.68069837886
403992.99999999994
71391698.74044654
39645449.76618461
104302.45867398329
8782495.24079712
67476.43081529366
32736.663735838
37383310394.479385
26237307.400072478
26282900.235806473
5795886.906957692
14399725202.228992
305645.0
9252570.987032518
89640.93317804363
79851.0
10687701.0
305622.8039328252
9252570.987032518
10687701.0
138661.57564828367
585795.3425080732
12792.472160412879
76565.19436067648
4786666.386694817
136698.17073564837
585795.3425080732
4786666.386694817
7815586.142547512
2834723.0
34773.0
4046891.3881012425
36681.49183888765
79851.0
1687728959.001666
7815586.142547512
2834723.0
4046891.3881012425
1687728959.001666
8829114.614522941
2818727.663277068
34576.92375366711
8916017.645394834
90125.02868780911
74876.43702773738
2160487600.8017235
8829114.614522941
2818727.663277068
8916017.645394834
2160487600.8017235
374631713.51700467
47379247.79220171
129385.6900049788
24198317.720657732
204340.71709954247
32841.9604441264
184471862101.8108
86851107.77762505
27371007.343991872
12001331.64968154
37991533780.46656
379672115.0
1937838.458687067
86385.94826562966
940075.3608321593
132794.87444350048
1008.3467769429584
7421103825.681123
12098088.123319145
1099781.4439170295
475974.34682826785
1285688420.5496776
12281357.541036945
5664656.265462132
24242.18173888955
2834723.0
34773.0
79851.0
3087585649.9902515
12281357.541036945
5664656.265462132
2834723.0
3087585649.9902515
1953574.1683877097
20269667.0
132712.0
108408.74242406254
1080.4426776846651
79709.17677426341
539127005.1867465
1953574.1683877097
20269667.0
108408.74242406254
539127005.1867465
1933242.8563508259
20269667.0
106140.0
107280.50680065191
1005.9554729706963
73314.18121592255
533516181.933996
1097173.3017623713
8152835.000000001
78441.79901757058
152268465.04166073
352399.99999999994
3237338.6438476965
1931420.0
234076.79608817652
178014.99999999994
2243324.6782261133
7739283.863086178
6354148.999999998
48086522.92296648
4999302.929651395
180627776.53779882
18106037.14205375
19862297.452480976
129801.09291343568
1839379.5617301099
41497.27713628627
78348.05250682085
3015717030.516916
18106037.14205375
19862297.452480976
1839379.5617301099
3015717030.516916
245315724.28489417
19985641.685899105
85932.5600497842
13171204.011479825
31414.25650095811
71575.97760789527
95556463706.02295
26888567.768794544
5093663.58883135
2158191.636447113
3744648259.5823503
10186.0
63873.08347596167
8957600.30556085
72232.58320957041
10186.0
6731831.0
2952282.8154865326
2124225.501526038
6652.403158289173
1608.5918586179848
74503.62575522455
70610.18526769594
6632.6864437760505
811749.9104290719
71108.06355916706
775474.7370356292
265900.2524038915
2919025.0
281498.3368110748
41517.24898114014
2830979.33083109
265037.6098510141
278903.5339434222
2829813.793530021
4191643.0
42054.544444444444
1869936.0
82126.16889185943
9285907.733474355
77720.28888888888
3998219.444444444
586872503.0
1818656.2666666666
5621084.622363243
498671361.66666657
7693461.870714747
195992.56894896302
28344610.900519192
38976.93928229598
1751152.3513086715
74103.17240657522
6511690.794109095
1377250945.476729
7594574.963766783
1677543.8810269919
838363334.5445517
15880058.000000002
13305.192334633513
9204071.93498696
23787.934891593857
2834723.0
18178.199445232254
1615980.0786246024
3640787745.0
483743.46289123443
851760.000168904
109795141.32126476
154719.11740949075
313089.0174823097
3187329.9999999995
1854361.0
9763.118840163763
208526.6312404405
96230.51467084627
209172.8262234631
166642.7813901432
2633823.590115294
311321.93288785074
3106954.4344141562
1597529.9616965451
6953851.10484965
5953391.405564427
50390996.0
207557.2060228149
145084.34933774377
2168976.8075259533
4871186.313840517
6897304.397826962
5198846.283730447
43532544.8062208
175794625.2004464
4181316.488163735
151649181.30175903
16709659.113394234
19062153.0
47549534.14754099
171470.0
3909183.3112159832
3626668.637110961
38154.54306478953
4248734.163934426
42167.0
34489.19672131148
8096663937.236249
8553887710.121747
16709659.113394234
9575489299.704918
19062153.0
47549534.14754099
1830819560.0387049
3909183.3112159832
3626668.637110961
4248734.163934426
5343158716233.846
8096663937.236249
8553887710.121747
9575489299.704918
1830819560.0387049
5343158716233.846
1192184.0
29336479.0
47585241.0
88009.55938951187
57873.0
202759.0
399.0
2834723.0
65744.8891971029
27737.89549864205
378397694.00000006
689803769.0
531184.0
13254322137.0
4249511.942932387
10378736.285332453
32172648.0
35073.0
177309.0
1195203.384284086
206849040574.00003
76981694.0
353354769.0
1101845772.3678598
20567448.0
53428296574.0
21426542.0
12469565.295081967
5742272.0
24617.0
8786607.86885246
9078050.376304558
85257.04589657456
2806246.9344262294
34447.712657340315
77438.51193096992
11946010600.065575
7928982678.0
21426542.0
3130775969.508197
12469565.295081967
5742272.0
2150836641.4098363
8715255.278822066
7820918.18900108
2787330.201255381
4208998709874.5576
11946010600.065575
7928982678.0
3130775969.508197
2118299860.3559766
4208998709874.5576
1822515.4714664395
12469719.0
5742272.0
13386.815533980582
896102.5357868973
197372.50097208127
4251.354411875099
2834723.0
27507.349514563106
67557.88337340429
1081096340.5248938
289909814.3179419
1640102.1016639755
3130778524.0
6292504.660194173
1295849.6699029126
76755195.31355545
885738.8338972384
188087.92717702338
1158546.572815534
179555845728.60602
988247935.2954396
206729317.68801832
794242536.9708736
72029347.25187099
137216972943.97488
17357329.233086288
180887873.0
29333852.382586993
127472.99999999999
7954903.303003486
1795472.50404478
40301.464834438346
9200412.49134062
80944.0
71417.589162244
31570262819.300278
2922362164.51275
15150811.083675094
61604510677.67811
68147713.0
10521572.382586991
1423946766.8413658
6732972.942047409
1719362.6495718977
5311644.49134062
9754492462171.568
15416343447.460934
1916189888.381246
10194997717.678108
866746522.2453945
2388305228612.8267
2509301.0460405853
379672115.0
29746505.18273042
130012.00882809745
1079087.5393515911
251378.97122635168
5467.430656103713
28335434.348972045
219043.92348462116
74909.14170027753
4300551929.432295
404551718.36750245
2216755.3916058303
150502917513.2791
76158161.63050142
10841661.208342861
193214011.29203475
917080.9783745231
241288.13776022097
10495962.737697532
1324265429271.7063
2158825193.3154545
271150899.94525427
12100554776.787767
119339019.4864917
347638037602.42737
403992.99999999994
171399.0
11102.0
40543.57130542159
1806028.6839309433
79851.0
403992.99999999994
171399.0
9226341.44621514
11102.0
3631087.872579856
1806028.6839309433
403992.99999999994
403992.99999999994
9226341.44621514
3631087.872579856
10687701.0
349995.4190065449
60246.995533957954
2515.599544182373
2549.9051513503427
116765.74650838748
79829.68527270765
79392.92101722826
60016.256275171094
2998575.592066731
2501.254214664851
517288.4390243887
116765.74650838748
78896.27084028043
189983.944532455
2998575.592066731
517288.4390243887
7719588.854687137
596.0
83102.00271611026
98173945.00000004
9179900.1956577
234171.34702595536
76011.59511453901
28182332.79253881
4122.44977837309
5335392.0
452960.0
44942973.88464324
6043607.946396323
33125365758.908886
14833033.050188497
4972634.827469394
430365.09893812914
2131293020.0
10164570202.066347
1965875749.3260434
596.0
90373.0
8879224.0
9286278.000000002
34773.0
79851.0
2834723.0
4172.0
1096496.0
452960.0
8879224.0
9286278.000000002
2172747822.0
2834723.0
1096496.0
452960.0
223965444.0
2172747822.0
223965444.0
596.0
82842.6959435626
348918.4107468124
9219655.000000002
1054.3972160381388
76607.34264550265
107279.62204007286
4032.5969664902996
259271.5209471767
452960.0
323475.793552812
5931604.350264552
82547329.65391621
100534.37003980299
250455.3582450696
389392.21671957657
47181437.45446266
70945496.21345204
43161267.262301825
11102.0
50054922.80606629
8876344.689217202
9197197.245538756
89894.46088797256
21868597.324268
13588738.461000005
65959.87438525174
2833803.394092985
34761.696816982934
78519.0
50054922.80606629
8876344.689217202
6905556.0
11102.0
24450502752.515163
18164737205.896744
50054922.80606629
2172042995.1737995
8876344.689217202
9197197.245538756
6371508172.831785
21868597.324268
13588738.461000005
2833803.394092985
24450502752.515163
18164737205.896744
50054922.80606629
2172042995.1737995
8876344.689217202
6905556.0
9148507570667.07
24450502752.515163
18164737205.896744
2172042995.1737995
6371508172.831785
9148507570667.07
24450502752.515163
18164737205.896744
2172042995.1737995
9148507570667.07
9148507570667.07
10186.0
2552481.200070349
2091812.7915925554
594613.5737364186
12975.309822292302
15861175.979279853
9208032.0
86934.508939046
2830080.1116401907
33381.30322037275
77932.1282715756
20761415.965996698
6230508.254042216
3057992.63313592
10186.0
1463584383.5796509
457029771.383924
2481226.1487723603
205853373.53977904
2086858.7113971345
590175.3407912086
3638069276.9137135
14569593.029254269
8050936.076204978
2221489.064309364
9439125097.682472
4702404766.4944935
19773983.69868242
968003801.608769
6161856.017453913
2996488.8612611336
275734391909.04974
1427315562.4689746
424537467.99204123
203594312.97066712
3049107451.702047
2305945721930.034
8936522073.619505
4252135652.599182
936698381.7245027
259195809482.5814
2076758742957.32
174305.0
403992.99999999994
1931420.0
11102.0
328064.0
9286278.000000002
81631.68150106569
944422.0
77587.2830026081
403992.99999999994
1931420.0
10687701.0
174305.0
33571319.0
944422.0
6962663.0
11102.0
10687701.0
328064.0
5392684.764485954
33571319.0
403992.99999999994
403992.99999999994
10687701.0
1931420.0
6794107.764485952
944422.0
944422.0
3069069.7644859524
6794107.764485952
33571319.0
33571319.0
6794107.764485952
1931420.0
6794107.764485952
33571319.0
155850.1018891399
353436.84262997186
1854361.0
8205.207186069158
90166.11304073194
559470.3653522176
12134.534635218384
814739.4953640111
79813.87565588189
300636.33571393666
1290858.3056674195
7587465.126190396
155383.56839121523
28966787.5772851
170573.31098838206
2370662.411581439
8205.207186069158
3407423.1110519576
88626.1489444034
559470.3653522176
6420971.124138079
300636.33571393666
300636.33571393666
10687701.0
1289458.7051736456
7587465.126190396
170573.31098838206
170573.31098838206
2370662.411581439
3407423.1110519576
6420971.124138079
6420971.124138079
10623847.128116855
1333847.9999999998
10279439.952764802
6420971.124138079
8362.0
99751.5640004427
93570.87908280647
11102.0
100268.29103463603
509648.58139497356
11129.595638598415
944422.0
79851.0
99751.5640004427
93570.87908280647
3028066.74229133
8362.0
4076163.48720853
944422.0
2717706.6826909157
11102.0
3678075.6883066795
98555.9204624595
509648.58139497356
4076163.48720853
99751.5640004427
99751.5640004427
10687701.0
93570.87908280647
3028066.74229133
944422.0
944422.0
2717706.6826909157
3678075.6883066795
4076163.48720853
4076163.48720853
10687701.0
93570.87908280647
10687701.0
4076163.48720853
134887.0
353889.55911501165
1490986.761412615
9725.893596684426
279398.9791324853
1825418.0050095806
40875.440971404
816127.2384301516
76943.99804371879
353889.55911501165
1490986.761412615
9251581.825334897
134887.0
29015994.649946224
816127.2384301516
3458972.806835609
9725.893596684426
7260204.008179937
276243.97023538756
1750346.8423721879
29015994.649946224
353889.55911501165
353889.55911501165
10687701.0
1490986.761412615
6352170.195793161
816127.2384301516
816127.2384301516
2627374.6840611496
6347674.325514769
29015994.649946224
29015994.649946224
6352170.195793161
1490986.761412615
6352170.195793161
29015994.649946224
99861.50760052122
343387.8150626109
3184194.7678016694
47373218.87301877
168728.0
8250.212938547358
96375.71163819608
228634.27340643422
34494.76724969038
237205.18340041785
1388526.0316855437
43166277.7439381
99233.62212561321
7553503.698042497
49377383.09629793
343197.44943549566
9278991.844740331
3132391.2744138082
47373218.87301877
151023.42651734973
4355844.748176707
265783.4924762309
237014.81777330267
3052922.3479459174
1379498.4888151833
43166277.7439381
8210804.806786197
7549125.288618848
49377383.09629793
9278991.844740331
5013145.856920407
4351466.338753058
49377365.86719033
3052922.3479459174
8210804.806786197
5013145.856920407
124184.12696543983
348481.0631978775
1990665.5791012237
39948988.015226625
111631.58609028732
11101.999999999998
65923.42543868648
211464.99999999994
33301.18803743561
348481.0631978775
1956985.3202708557
39948983.976252794
108768.57842942709
7562785.032707624
49774585.61591675
346040.9823064285
2344883.0
1863797.785987426
30316964.339747243
211464.99999999994
7562785.032707624
381567.99999999994
346040.9823064285
2258059.669219942
1852353.8332916459
30316960.300773412
7658100.999999998
7527148.597490713
30317231.47081551
2344883.0
7658100.999999998
7527148.597490713
30317231.47081551
2258059.669219942
7658100.999999998
7658100.999999998
170180.0
352306.99999999994
1904183.3133399575
47194314.53834265
168728.0
10920.999999999998
87608.73989549393
206123.55774951808
34358.06556629796
345971.99999999994
1894113.4287012522
47048829.93824718
167533.9418027487
7480377.937610224
49074584.96964112
352116.63437288476
2652822.0773287676
1900753.5568960845
47194314.53834265
204397.29181145428
7419958.629777992
375232.99999999994
345781.63437288476
2642752.1926900623
1890683.6722573792
47048829.93824718
7480377.937610224
7480377.937610224
49074584.96964112
2652822.0773287676
7419958.629777992
7419958.629777992
49074583.01149809
2642752.1926900623
7480377.937610224
7419958.629777992
43969.73762010184
310391.90659910685
1248724.004407214
39948988.015226625
79561.44309850117
3904.3676232240105
17740.11950790861
179305.74406650223
28156.99330403679
147029.86751838695
651392.4217926186
20525803.750751723
29986.7858559506
6470284.706444165
49774585.61591675
305714.13293324795
1399443.0
1100432.0175671433
11664939.934937395
109975.7300552344
4174771.170382574
147029.86751838695
147029.86751838695
651392.4217926186
651392.4217926186
11664906.895874714
6470284.706444165
6430762.820131337
11665207.06600566
1399443.0
4174771.170382574
4174771.170382574
11665116.337406876
651392.4217926186
6470284.706444165
4174771.170382574
174305.0
403992.99999999994
3248147.0
1931420.0
29747745.0
11102.0
303187.0
327152.0
300665.0
944422.0
2918731.479492042
403992.99999999994
3248147.0
1931420.0
29747745.0
11185948.999999998
33571319.0
403992.99999999994
52701691.0
9846988.0
59703446.0
300665.0
944422.0
2918731.479492042
29705243.0
11185948.999999998
33571319.0
403992.99999999994
52701691.0
9846988.0
11370036.467076411
1055813479.0
11185948.999999998
33571319.0
104876591.38476127
29705243.0
1055813479.0
11185948.999999998
33571319.0
104876591.38476127
1055813479.0
1055813479.0
134198.91314648214
370930.4761720167
2511341.977957118
1490986.761412615
20269667.0
9485.244256486052
262606.175532895
253708.87065178817
276121.66647651495
865466.9297004398
2918738.086419753
346404.0251490285
2489323.198644546
1197173.6749604794
20210740.438114762
10278827.43160646
30768381.77973571
370930.4761720167
40664530.63776545
9846988.0
59703446.0
253697.48268406856
566244.2272199838
2250571.8912739586
27220910.432135448
9493980.998870838
20295587.19291975
346404.0251490285
31262511.87129711
8872265.652473418
9131531.328170491
967619661.4389756
10278827.43160646
30768381.77973571
104876789.5925926
17645783.95276086
632490234.660865
9493980.998870838
20295587.19291975
82706949.22713982
967619661.4389756
632490234.660865
155584.0967077213
403992.99999999994
3187329.9999999995
1854361.0
29335166.21408181
11102.0
217320.80585594152
97936.44124688243
300665.0
944422.0
2725276.7331725387
403992.99999999994
3108313.4769277973
1568311.654447841
29281747.83233527
11185948.999999998
33571319.0
403992.99999999994
50390996.0
9846988.0
58764160.71847747
300665.0
944422.0
2252418.6649503866
29705243.0
11185948.999999998
33571319.0
403992.99999999994
42518598.089173056
7632925.937811915
3576449.1386747714
1055813479.0
11185948.999999998
33571319.0
98210864.56622171
29705243.0
1055813479.0
11185948.999999998
33571319.0
83753344.47182542
1055813479.0
1055813479.0
174305.0
403992.99999999994
1972594.0
1238198.0
29747745.0
11102.0
91976.0
33691.0
272408.99999999994
847251.0
580194.0
403992.99999999994
1972594.0
1238198.0
29747745.0
10196988.999999998
30170334.0
403992.99999999994
21371322.0
2771810.0
59703446.0
272408.99999999994
847251.0
580194.0
17639931.0
10196988.999999998
30170334.0
403992.99999999994
21371322.0
2771810.0
1238198.0
633527559.0
10196988.999999998
30170334.0
21371322.0
17639931.0
633527559.0
10196988.999999998
30170334.0
21371322.0
633527559.0
633527559.0
134887.0
403992.99999999994
38791.0
1490986.761412615
20267077.4858929
11102.0
1043.0
328064.0
19403.0
944422.0
18029.0
403992.99999999994
38791.0
1490986.761412615
20267077.4858929
748011.0
33571319.0
403992.99999999994
680257.0
38791.0
58449410.58747208
19403.0
944422.0
18029.0
737241.0
748011.0
33571319.0
403992.99999999994
680257.0
38791.0
11400626.0
27163281.0
748011.0
33571319.0
680257.0
737241.0
27163281.0
748011.0
33571319.0
680257.0
27163281.0
27163281.0
171399.0
403992.99999999994
3187329.9999999995
73766.0
29336479.0
11102.0
249749.64624559844
2166.0
300665.0
33158.0
48588.0
403992.99999999994
3187329.9999999995
73766.0
29336479.0
11185948.999999998
1225386.0
403992.99999999994
1766156.0
9215497.606339818
31249214.0
300665.0
33158.0
48588.0
902154.0
11185948.999999998
1225386.0
403992.99999999994
1766156.0
8416673.14293674
73766.0
34080842.0
11185948.999999998
1225386.0
1766156.0
902154.0
34080842.0
11185948.999999998
1225386.0
1766156.0
34080842.0
34080842.0
174075.27958570723
3248147.0
1931420.0
263344.5058018297
253225.96606553064
1772162.243117845
39676.35848413844
2919025.0
79851.0
3240795.9467426315
1833329.3830969918
9164836.83327447
174056.67699172473
52701691.0
2547861.533359334
8172896.488546996
262497.3827209895
6217584.137885751
249587.11289048733
1772162.243117845
49562791.25910374
3248147.0
3240200.6637351913
10687701.0
1825386.0754664592
9164836.83327447
2919025.0
2539520.701180391
8172896.488546996
6217584.137885751
52701691.0
49308605.41492669
3248147.0
1931420.0
2919025.0
52701691.0
132604.19167303183
2463544.5022545834
1430342.4016184483
261863.68167122427
250862.25498843731
1702901.071270603
36714.134420829956
2919025.0
71297.32202273382
2463544.5022545834
1430342.4016184483
9055717.625562977
132604.19167303183
38845810.63459944
2739816.086253952
8107153.658086084
259556.61271756084
6150283.08458321
242194.33732769615
1465136.71805187
38845810.63459944
2463544.5022545834
2463544.5022545834
10687701.0
1430342.4016184483
2606491.857027055
2919025.0
2725438.9478780436
2606491.857027055
2606491.857027055
38845810.63459944
38845810.63459944
2463544.5022545834
1430342.4016184483
2919025.0
38845810.63459944
174305.0
1972594.0
1931420.0
80724.80178471917
239312.3513385394
1784841.7473113239
39665.63017707504
702596.0
71549.91621392693
1972594.0
1931420.0
9189750.23097427
174305.0
21902158.0
668842.4053541576
8193478.774508698
80284.12243850774
6490870.931923514
238981.8418288808
1682512.3916357877
21902158.0
1972594.0
1972594.0
10687701.0
1931420.0
2773456.617405699
702596.0
667520.3673155232
2773456.617405699
2773456.617405699
21902158.0
21902158.0
1972594.0
1931420.0
702596.0
21902158.0
159093.6279934051
3248147.0
1238198.0
221591.05259350443
33691.0
558091.5290469994
12187.482265954692
940637.0
78325.19626105003
3187301.5119736204
1238198.0
7388765.860600396
158632.87294764275
35210217.0
940637.0
6107474.801535996
220654.386047895
4011360.0452744286
33691.0
558091.5290469994
35210217.0
3248147.0
3185458.4917905713
10504857.485605529
1238198.0
7388765.860600396
940637.0
940637.0
6107474.801535996
4011360.0452744286
35210217.0
35210217.0
3248147.0
1238198.0
940637.0
35210217.0
159268.96550080465
3248147.0
1931420.0
222240.24239988183
140077.19704933924
588674.4186095967
12855.344802449874
2919009.717578166
79851.0
3188002.8620032184
1886311.8965024138
7561241.334436286
158805.21606085473
52701691.0
2711103.7271996457
6436423.159801358
221536.15112337115
4896283.894069718
138089.63861990953
588674.4186095967
52521258.58600966
3248147.0
3186147.864243419
10687701.0
1884920.6481825642
7561241.334436286
2919009.717578166
2708991.4533701134
6436423.159801358
4896283.894069718
52701691.0
52515693.592730254
3248147.0
1931420.0
2919009.717578166
52701691.0
127976.87167441734
2511341.977957118
1490986.761412615
218482.7126233414
97516.4881506152
546143.2092602971
11786.63052153554
2919018.393072289
69947.8
2455547.452686322
1043924.1951991057
7464456.181284851
127338.13058047465
40664530.63776545
2006191.1645895592
6041581.6356122065
214539.42617570347
3609324.6562775555
95003.81999863469
521107.87981681805
26854517.262376703
2496231.1069496875
2452985.28640808
10529444.0
1041898.9145369963
2469481.8
2428665.3303761496
1994261.5956418165
2469481.8
2365921.6187843625
34212188.717592664
26843340.92737297
2495491.617811813
1279483.518223708
2419643.562894086
33896426.85572043
17385203.976795107
168728.0
40557.92301340488
17385203.976795107
72400691.04301398
132712.0
89003.59338018508
72400691.04301398
374709200.0
127472.99999999999
200836.2692596707
72681344.99999997
379672115.0
129713.0
210916.6265883666
73969117.99999999
47517871.65170741
168728.0
34684.93111676769
47517871.65170741
47805723.656499594
171470.0
34727.21804625718
47805723.656499594
1490986.761412615
106140.0
134887.0
328064.0
1168866.1247002138
1490986.761412615
106123.7867853939
1168866.1247002138
29330493.36291954
155700.25740989606
78533.52428031758
23404988.774231203
19984420.685899105
130555.01177885193
78519.0
19984420.685899105
97780343.66047934
232694.63249604084
82402.14552529293
42266010.97731058
97969911.1659328
247566.25674965943
89335.03424896905
97969911.1659328
97105597.03407794
231766.3125921698
82757.6946978339
48691281.14263308
303187.0
65579.10920251373
268477.4187765248
8879224.0
34773.0
46151.49603514832
8879224.0
8879224.0
34773.0
90373.0
8879224.0
3248147.0
1931420.0
174305.0
2918964.160493827
303187.0
327888.0
52701691.0
3248147.0
1931420.0
2918964.160493827
52701691.0
2452904.98546983
1414616.1038888092
132139.19684994797
2678443.1767474883
297712.08842080657
262116.0
38366013.10295275
2452904.98546983
1414616.1038888092
2678443.1767474883
38366013.10295275
5280431.647369601
47585241.0
168728.0
2005886.0454583354
11551.919883654078
34773.0
2977188013.903114
5280431.647369601
47585241.0
2005886.0454583354
2977188013.903114
17939906.306160368
47797260.133974105
171470.0
3881006.066471133
42106.844099552276
34715.93271013333
9388669665.266623
17939906.306160368
47797260.133974105
3881006.066471133
9388669665.266623
16683925.668181079
40111590.0
81184.0
3787083.1355280634
38980.402297243774
28247.0
9061498913.354025
10189132.849630715
11941174.0
2708052.0
4885961947.999999
172986.0
1931420.0
230437.1534770432
39117.167105097644
1368207.0
172986.0
227187.48507466036
1368207.0
131665.34804373072
1430342.4016184483
304194.0945498344
85635.96843322519
1029456.1719068615
131665.34804373072
304194.0945498344
1029456.1719068615
281853.5868947632
1841058.9818213137
41537.55997414161
78519.0
7291147.789681493
279252.71710622474
1841058.9818213137
7291147.789681493
3878940.879155773
2834723.0
33819.48719975617
1864416.2830523304
42038.69371410484
78276.13588033165
507900455.72704446
3878940.879155773
2399921.163088815
1864416.2830523304
507900455.72704446
379671748.53945184
47840763.0
131009.8584446954
24384079.121332332
214694.7022329035
33068.93199306732
186607344974.12134
83463052.21306685
27246550.948349964
11908597.242578179
35837118543.99139
245431323.09401718
39948988.015226625
111945.81034946829
24384148.0
231691.75171075837
33313.28638447972
128831744681.89835
109193359.42949954
30476904.487670355
13697584.620776014
59486621176.65889
180866444.04762864
47477525.29420673
118076.95491427131
15880058.000000002
78159.18079040281
33019.0
88389257202.0
59579673.89337488
26586447.67198875
11539306.000000002
31004515762.000004
12230471.382530253
5643060.588259205
24148.158538287964
2725162.974115328
33678.70305423219
77583.78186778736
3075569154.447147
12230471.382530253
5643060.588259205
2725162.974115328
3075569154.447147
12281357.541036945
5664656.265462132
24242.18173888955
2834723.0
34773.0
79851.0
3087585649.9902515
12281357.541036945
5664656.265462132
2834723.0
3087585649.9902515
306914.3299929489
2511341.977957118
1490986.761412615
134887.0
201594.2888854965
129856.0061612943
9792.783905404502
2918955.5519578313
303187.0
326887.0
6575110.529163869
4625497.8824219955
306914.3299929489
40664530.63776545
2511341.977957118
1490986.761412615
3690118.8930077525
201594.2888854965
129856.0061612943
2918955.5519578313
133395668.45293012
6575110.529163869
4625497.8824219955
40664530.63776545
3690118.8930077525
133395668.45293012
326884.8485939669
2511341.977957118
1490986.761412615
134887.0
218299.43090075068
149134.3008985921
10420.036522510714
2919025.0
303187.0
328064.0
7128498.848057199
5317380.583132379
326884.8485939669
40664530.63776545
2511341.977957118
1490986.761412615
4281885.464458904
218299.43090075068
149134.3008985921
2919025.0
154709519.92253512
7128498.848057199
5317380.583132379
40664530.63776545
4281885.464458904
154709519.92253512
315915.17592180235
3248147.0
1931420.0
174305.0
209938.21054246917
157141.38642422596
9932.951440263587
2751683.746178438
272924.58235216496
327650.0
6957242.21323951
5613574.553744455
315915.17592180235
52701691.0
3248147.0
1931420.0
4561155.924668565
209938.21054246917
157141.38642422596
2751683.746178438
164777321.94903353
6957242.21323951
5613574.553744455
52701691.0
4561155.924668565
164777321.94903353
300156.0522273951
3248147.0
1931420.0
174305.0
197417.16583670594
134113.28408262826
9461.077513769527
2918731.479492042
303187.0
327152.0
6524559.714568781
4792017.7044232935
300156.0522273951
52701691.0
3248147.0
1931420.0
3844023.859949816
197417.16583670594
134113.28408262826
2918731.479492042
139156821.89280826
6524559.714568781
4792017.7044232935
52701691.0
3844023.859949816
139156821.89280826
374709200.0
29336479.0
127779.55072463767
28605616.0
205758.79775700605
74641.7438252762
148632251657.0
74925602.85507244
10663986.130434781
8425971.252059614
11930931358.91304
171900195.68250525
29746160.222845014
130798.4455916636
8736052.024294095
77336.73563122889
74638.7674053578
58425315295.86834
72968063.838756
11199931.412643619
5323566.992467343
13312263175.11868
373182529.93162996
29237318.53576873
127254.16087291048
28013057.608904213
220923.00686251046
74045.4039455533
147909670235.2887
72778431.8667105
10526176.790432945
10694698.857167749
10925401517.685432
30531082.13791129
2173433.0
4607.000000000001
28391410.191520598
215096.04649054297
76134.93333333333
12663115667.551643
4175482.137911293
531833.0000000001
10495930.35164516
644962067.5516453
260276.0
2680677.0
239377.0
40376.353579832714
2589729.0
259023.21764233828
239045.12434472636
2588401.4973789053
255567.55416206026
2827057.6658625286
280078.89202995156
41502.42838957011
2749209.482385195
254684.6251941719
277433.23499549634
2748017.7628217405
17670041.64741721
47286.0
14071252.0
43556.42010427131
2625070.7589586363
72634.9
9117726.830772758
5182163434.482738
4487955.999999999
2092376.378902651
1282307878.0928686
97105597.03407794
272743.1230485148
28454897.5268001
89370.76885320131
9236157.594442977
79851.0
97105597.03407794
33708136269.95292
28454897.5268001
9236157.594442977
33708136269.95292
2468597.642274162
75545.33367782822
8604957.7558896
12216.231574344354
565796.0737972535
71984.5338788379
2054713.16402194
453781130.94874555
4975556.241809981
540016.6280817757
265049808.86573243
85382505.0
272743.1230485148
28454897.5268001
47100.0
7331478.0
79851.0
85382505.0
31115434557.000004
28454897.5268001
7331478.0
31115434557.000004
2520089.440418067
277348.0
28605616.0
12820.258662721142
587067.747359353
79851.0
2520089.440418067
451229925.13698685
28605616.0
587067.747359353
451229925.13698685
24330285.185308795
228493.30380218185
28338466.0
33022.577826965615
2828460.674773569
75936.47786595802
12077446.147799749
7500326582.941797
12276799.709904058
2065273.3231680337
1913031981.8376713
4265743.387451781
40715.04870910654
1865326.6648092512
27214.670441444185
2833395.0852531907
65401.26991674737
3267276.0683356365
531311045.370963
1582788.4095571907
1113514.8807704137
346250639.631496
24384148.0
277348.0
28605616.0
34773.0
2834723.0
79851.0
24384148.0
7516931568.999999
28605616.0
2834723.0
7516931568.999999
129638.16863315644
285576.12841178884
2511341.977957118
1490986.761412615
9101.213982779742
222313.9119338827
133076.68207940584
188183.85136269836
125923.2075604052
2733134.0
285576.12841178884
2490346.6524897437
1475240.2673120843
6147004.070787659
4487462.364521924
40664530.63776545
188183.85136269836
125923.2075604052
2541591.7358016483
3596661.042641454
6147004.070787659
4487462.364521924
40601544.661363326
129975582.36011836
3596661.042641454
129975582.36011836
154719.11740949075
313089.0174823097
3187329.9999999995
1854361.0
9763.118840163763
208526.6312404405
96230.51467084627
209172.8262234631
166642.7813901432
2633823.590115294
311321.93288785074
3106954.4344141562
1597529.9616965451
6953851.10484965
5953391.405564427
50390996.0
207557.2060228149
145084.34933774377
2168976.8075259533
4871186.313840517
6897304.397826962
5198846.283730447
43532544.8062208
175794625.2004464
4181316.488163735
151649181.30175903
171399.0
352306.99999999994
3187329.9999999995
1854361.0
11101.999999999998
263275.6162356546
239145.79672789283
234485.99999999994
178014.99999999994
2733134.0
352306.99999999994
3187329.9999999995
1854361.0
7751466.999999998
6353869.999999998
50390996.0
234485.99999999994
178014.99999999994
2641253.1869115713
5174032.999999998
7751466.999999998
6353869.999999998
50390996.0
186736911.99999994
5174032.999999998
186736911.99999994
171399.0
370930.4761720167
3187329.9999999995
101204.42573204805
10186.0
298004.24401064165
276121.66647651495
370930.4761720167
3187329.9999999995
102624.35120714645
10278827.43160646
370930.4761720167
1976902.258616324
276121.66647651495
10278827.43160646
370930.4761720167
1976902.258616324
10278827.43160646
10278827.43160646
2599853.230886755
30531082.23960118
1260379.4370311839
8207.0
8082937.471494499
253817.11694315835
41119.71086310727
948866.039057706
231264.40335561172
1081.761772526342
7125255601.321929
596084643.9716398
2599853.230886755
2869807444.9742684
30531082.23960118
1260379.4370311839
359198387.82715285
8082937.471494499
253817.11694315835
948866.039057706
1050994900669.394
7125255601.321929
596084643.9716398
2869807444.9742684
359198387.82715285
1050994900669.394
17374363.566203024
174131679.52097723
1838529.659863654
89698.14523519404
7919836.0401668195
238372.91848260886
38337.430003209825
891899.1289748452
61790.356154879744
956.6718260373441
31443065779.085464
705429074.3798062
9695185.621884007
7040793019.293499
16772234.521319244
1043420.7221684908
336126424.0504863
4152347.9160218616
228378.61541431176
451581.9933571228
1757361368683.5679
7531508844.011476
573304387.8169184
1219800486.4272091
262958131.28748322
790076538356.6665
379672115.0
29745419.889561653
1951227.7428996188
129713.0
27917664.107733086
946570.7093639079
198557.45843990368
108278.53337417239
71407.94830472846
1015.3138394041126
150502909916.22693
7472379135.987545
73969117.99999999
538479463.1754123
10704227.889561655
1107380.2642718863
282426326.03208286
7130662.772625207
479263.03984547907
79171.54016280733
3019826986574.1665
11102343284.226929
1294571744.953916
153685012.92116633
69334028.73167929
202746816262.83176
5617595.241556984
248710905.1207151
20269667.0
57649.30326115319
2426672.0377398543
555803.8764862014
11047.096849148116
28340922.599645786
72275.68454576415
56931.861449285505
10069599321.135233
929296999.1123636
1965769.6775975549
96765309418.05138
3609543.320916264
1876128.6931051018
446560250.0890457
662247.7191940739
379374.61326396634
1101422.2498066614
3181452561554.099
510056087.3352169
129687331.83728437
234140613.5452181
44755437.26212104
58410190904.81226
389671.7588316519
248711577.99999997
20269667.0
132712.0
167572.53580870383
39036.88081014707
852.4789713333713
28605616.0
277348.0
79851.0
667836821.3064668
62823223.17737642
389671.7588316519
96765309421.99998
248711577.99999997
20269667.0
30004388.56465057
167572.53580870383
39036.88081014707
28605616.0
205646444773.33557
667836821.3064668
62823223.17737642
96765309421.99998
30004388.56465057
205646444773.33557
5553293.275321706
370691133.5803291
29019127.01326478
128751.13090952572
2388111.0579458615
556322.7069431546
12109.412102207374
28605616.0
228879.63214149378
77148.01582784278
9517481430.76408
895306818.8749146
5031856.7002874855
147030059954.93875
92533413.11484651
11693635.88742677
427598781.4610884
2099348.7912419634
538336.694975257
12514505.647954976
2930710252848.8867
5700044264.938549
657531740.65931
20190139422.678696
295923187.84411097
1189958905232.4446
319056.77220032323
170216.776626274
7504.304957878923
39271.28899695228
1756343.4481504408
79851.0
274731.1903882213
170216.1485591959
9136889.744394492
7502.582259607583
2870808.5133950505
1756343.4481504408
274670.89594872436
319056.77220032323
9136889.744394492
2870808.5133950505
10687701.0
596.0
89894.46088797256
8879224.0
9197197.245538756
34773.0
78519.0
2834723.0
4172.0
1096496.0
452960.0
8879224.0
9197197.245538756
2172747822.0
2834723.0
1096496.0
452960.0
223965444.0
2172747822.0
223965444.0
172986.0
364153.8792532814
1931420.0
8355.124842305851
304364.0
9090964.40417727
88240.7105686032
876515.9988229482
77832.24632086557
306893.41109478404
1368207.0
10449089.359424625
172986.0
31148423.31810474
177938.2872892807
6105289.536241945
8355.124842305851
10449089.359424625
304364.0
9090964.40417727
6698203.414426378
306893.41109478404
306893.41109478404
10449089.359424625
1368207.0
10449089.359424625
177938.2872892807
177938.2872892807
6105289.536241945
10449089.359424625
6698203.414426378
6698203.414426378
10449089.359424625
10449089.359424625
10449089.359424625
6698203.414426378
129034.33329250556
353918.15714169276
2511341.977957118
1490986.761412615
20268133.722889364
132712.0
9725.345809011182
221108.33220835103
116716.23011963375
263153.6882860464
816425.3147708022
2917637.505684902
78118.70656088578
353918.15714169276
2487931.31112714
1473428.7612901316
20268133.722889367
127335.06676504134
9793139.749816395
29027448.836243268
353918.15714169276
353918.15714169276
40664530.63776545
9846988.0
2467844.6389387576
58585885.50187245
1458245.9125277656
20268133.722889364
263153.6882860464
816425.3147708022
2573627.5822697165
25673320.67787126
9793139.749816395
29027448.836243268
353918.15714169276
353918.15714169276
40594298.63727552
7755402.797543408
2446345.2960281707
58585885.50187245
1442121.4053448255
20268133.722889367
912703330.7728373
9793139.749816395
9793139.749816395
29027448.836243268
29027448.836243268
353918.15714169276
104843772.17054705
39728326.66441777
9846988.0
58585885.50187245
25673320.67787126
912703330.7728373
9793139.749816395
9793139.749816395
29027448.836243268
29027448.836243268
353918.15714169276
94965396.89019343
39663828.63568601
7755402.797543408
58585885.50187245
912703330.7728373
912703330.7728373
9793139.749816395
29027448.836243268
104843772.17054705
912703330.7728373
912703330.7728373
9793139.749816395
29027448.836243268
94965396.89019343
912703330.7728373
912703330.7728373
174305.0
370930.4761720167
3248147.0
1931420.0
29747745.0
171470.0
10186.0
303187.0
328064.0
276121.66647651495
865466.9297004398
2919025.0
79851.0
370930.4761720167
3248147.0
1931420.0
29747745.0
171467.6131813347
10278827.43160646
30768381.77973571
370930.4761720167
370930.4761720167
52701691.0
9846988.0
3191457.4119244125
59703446.0
1888745.038491655
29747745.0
276121.66647651495
865466.9297004398
2919025.0
27220910.432135448
10278827.43160646
30768381.77973571
370930.4761720167
370930.4761720167
52701691.0
9846988.0
3191457.4119244125
59703446.0
1888745.038491655
29747745.0
967619661.4389756
10278827.43160646
10278827.43160646
30768381.77973571
30768381.77973571
370930.4761720167
104885397.0
51481418.37550219
9846988.0
59703446.0
27220910.432135448
967619661.4389756
10278827.43160646
10278827.43160646
30768381.77973571
30768381.77973571
370930.4761720167
104885397.0
51481418.37550219
9846988.0
59703446.0
967619661.4389756
967619661.4389756
10278827.43160646
30768381.77973571
104885397.0
967619661.4389756
967619661.4389756
10278827.43160646
30768381.77973571
104885397.0
967619661.4389756
967619661.4389756
132604.19167303183
393033.4345194959
2463544.5022545834
1430342.4016184483
19985641.685899105
130555.01177885193
10806.073667625798
262536.3005320793
283069.966633261
292427.9018675408
913298.4595530097
2759816.6430722894
79851.0
393033.4345194959
2463544.5022545834
1430342.4016184483
19985641.68589911
130552.9922919367
10875906.569403905
32466246.789870933
393033.4345194959
393033.4345194959
38845810.63459944
9677912.0
2423127.2072777264
59703446.0
1403110.8944611023
19985641.685899105
292427.9018675408
913298.4595530097
2674717.979804546
28723027.839598414
10875906.569403905
32466246.789870933
393033.4345194959
393033.4345194959
38845810.63459944
8836970.78467636
2423127.2072777264
59703446.0
1403110.8944611023
19985641.68589911
1020951846.9715315
10875906.569403905
10875906.569403905
32466246.789870933
32466246.789870933
393033.4345194959
99199493.29216868
38079425.97223263
9677912.0
59703446.0
28723027.839598414
1020951846.9715315
10875906.569403905
10875906.569403905
32466246.789870933
32466246.789870933
393033.4345194959
97327322.70027833
38079425.97223263
8836970.78467636
59703446.0
1020951846.9715315
1020951846.9715315
10875906.569403905
32466246.789870933
99199493.29216868
1020951846.9715315
1020951846.9715315
10875906.569403905
32466246.789870933
97327322.70027833
1020951846.9715315
1020951846.9715315
157074.942669428
370930.4761720167
3187329.9999999995
1854361.0
29331929.641984027
168728.0
10186.0
221868.17747060268
127142.80213011833
276121.66647651495
865466.9297004398
2731725.4487931263
75934.11761651181
370930.4761720167
3130033.770677712
1811388.828008284
29331929.641984027
155002.75477424014
10278827.43160646
30768381.77973571
370930.4761720167
370930.4761720167
50390996.0
9846988.0
3134654.831745472
57302638.918175414
1818867.1417263416
29331929.641984027
276121.66647651495
865466.9297004398
2539607.5053585465
27220910.432135448
10278827.43160646
30768381.77973571
370930.4761720167
370930.4761720167
50219107.31203314
7779409.695388109
3079763.042989771
57302638.918175414
1777698.3001595659
29331929.641984027
967619661.4389756
10278827.43160646
10278827.43160646
30768381.77973571
30768381.77973571
370930.4761720167
98438884.93817641
49392073.288785055
9846988.0
57302638.918175414
27220910.432135448
967619661.4389756
10278827.43160646
10278827.43160646
30768381.77973571
30768381.77973571
370930.4761720167
93766931.13930017
49227397.92251795
7779409.695388109
57302638.918175414
967619661.4389756
967619661.4389756
10278827.43160646
30768381.77973571
98438884.93817641
967619661.4389756
967619661.4389756
10278827.43160646
30768381.77973571
93766931.13930017
967619661.4389756
967619661.4389756
174305.0
3248147.0
1931420.0
266353.368907748
284411.65477072116
1866459.9999999998
42013.99999999999
2919025.0
71622.6
3248147.0
1931420.0
9221355.12802488
174305.0
52701691.0
2831492.43271752
8176101.552177391
265276.37653573137
7320508.959658494
281139.33218091563
1787115.9999999998
52701691.0
3248147.0
3248147.0
10529444.0
1931420.0
3576524.5999999987
2919025.0
2830039.376649982
3576524.5999999987
3576524.5999999987
52701691.0
52701691.0
3248147.0
3576524.5999999987
2919025.0
52701691.0
174305.0
336522.793817093
2159115.0
1931420.0
10614.109843943572
69427.0
282025.730990251
41692.584925440606
202209.29713644076
161643.80409402176
770596.0
336522.793817093
2159115.0
1931420.0
174305.0
7295553.434624692
5771152.602961028
27578564.0
202209.29713644076
161643.80409402176
62295.23382148986
770596.0
69427.0
279413.69469575875
3531017.202375955
7295553.434624692
5771152.602961028
336522.793817093
27578564.0
2159115.0
1931420.0
130842849.72638145
3531017.202375955
202209.29713644076
161643.80409402176
770596.0
130842849.72638145
7295553.434624692
5771152.602961028
27578564.0
3531017.202375955
130842849.72638145
171399.0
336868.77989092754
3186157.4831281696
1854361.0
10592.37396352164
289217.2699379649
328064.0
88606.21123249062
225323.47935048613
174549.251911755
2498104.815934674
336868.77989092754
3186157.4831281696
1854361.0
171399.0
7463371.225934865
6231696.190954192
49890331.295728624
225323.47935048613
174549.251911755
69764.94971386623
2498104.815934674
289217.2699379649
328064.0
5089289.997248139
7463371.225934865
6231696.190954192
336868.77989092754
49890331.295728624
3186157.4831281696
1854361.0
183624921.94875705
5089289.997248139
225323.47935048613
174549.251911755
2498104.815934674
183624921.94875705
7463371.225934865
6231696.190954192
49890331.295728624
5089289.997248139
183624921.94875705
